0
0
0
0
0
0
0
0
0
0
0
0
0
0
0
0
0
0
0
0
0
0
0
0
0
0
0
0
0
0
0
0
0
0
0
0
0
0
0
0
0
0
0
0
0
0
0
0
0
0
0
0
0
0
1
1
1
1
1
0
0
0
1
1
1
1
1
1
1
1
1
1
1
1
1
2
2
2
2
2
2
2
2
2
2
2
2
2
2
3
3
3
3
3
3
3
3
3
3
3
3
4
4
4
4
4
4
4
4
4
4
4
4
4
4
4
4
4
4
4
5
5
5
5
4
4
4
4
5
5
5
5
4
4
4
4
4
4
4
4
4
4
4
4
4
4
4
4
3
3
3
3
3
3
3
3
3
2
2
2
2
1
1
1
1
1
0
0
0
0
-1
-1
-1
-2
-2
-2
-2
-3
-3
-3
-4
-4
-4
-5
-5
-6
-6
-6
-7
-7
-7
-8
-8
-8
-9
-9
-10
-10
-10
-11
-11
-11
-12
-12
-13
-13
-13
-14
-14
-15
-15
-15
-15
-16
-16
-16
-16
-17
-17
-17
-17
-18
-18
-18
-18
-18
-18
-18
-18
-18
-18
-18
-18
-18
-18
-18
-17
-17
-17
-17
-17
-16
-16
-16
-15
-15
-14
-13
-13
-12
-12
-11
-11
-10
-9
-8
-8
-7
-6
-5
-4
-3
-3
-2
0
1
2
3
3
5
6
7
8
9
10
11
12
13
14
15
16
18
19
20
21
22
22
24
25
25
26
27
28
28
29
30
30
31
31
32
32
32
32
32
32
32
32
32
32
32
31
31
30
30
29
28
27
26
26
24
23
22
20
19
17
16
14
12
11
9
7
6
4
2
-1
-3
-5
-7
-9
-11
-13
-15
-18
-20
-22
-24
-26
-28
-29
-31
-33
-35
-36
-38
-40
-41
-43
-44
-45
-46
-47
-48
-48
-48
-49
-49
-49
-49
-48
-48
-47
-47
-46
-45
-44
-42
-41
-39
-37
-35
-33
-31
-28
-26
-23
-20
-18
-15
-11
-8
-5
-1
2
5
8
12
15
19
22
25
29
32
35
38
41
44
46
49
51
54
56
57
59
60
61
62
63
63
64
64
63
63
62
61
59
58
56
54
51
48
45
42
39
35
32
27
23
19
15
10
6
1
-4
-9
-14
-19
-24
-28
-33
-38
-42
-46
-51
-55
-59
-62
-65
-68
-71
-73
-75
-77
-78
-79
-80
-80
-80
-79
-78
-77
-75
-72
-70
-67
-64
-60
-56
-51
-47
-41
-36
-30
-24
-18
-12
-6
0
7
14
20
26
33
39
45
51
57
62
67
72
76
80
84
87
89
91
93
94
95
95
94
93
91
88
86
82
78
73
68
63
57
50
43
36
28
21
13
5
-3
-12
-20
-28
-36
-44
-52
-59
-67
-73
-80
-86
-91
-96
-100
-104
-106
-109
-110
-111
-111
-110
-108
-106
-103
-99
-94
-89
-82
-76
-68
-61
-52
-43
-34
-24
-15
-5
5
16
26
36
46
56
65
74
82
90
97
103
109
114
118
121
124
125
125
124
123
120
116
111
106
99
92
84
75
65
55
44
32
21
9
-4
-16
-28
-40
-52
-64
-75
-85
-95
-104
-112
-119
-126
-131
-136
-139
-141
-141
-141
-139
-135
-131
-125
-118
-111
-102
-92
-81
-69
-56
-43
-29
-15
-1
13
28
42
56
69
82
94
106
116
126
134
141
147
151
154
155
155
153
150
145
138
131
121
111
99
87
73
59
43
27
11
-6
-23
-39
-56
-72
-87
-101
-114
-126
-137
-147
-155
-162
-167
-170
-171
-171
-168
-163
-157
-149
-140
-128
-115
-101
-86
-70
-52
-34
-15
3
22
41
60
78
95
111
126
140
152
162
171
177
182
184
185
183
179
172
164
153
141
126
110
93
74
55
35
14
-8
-29
-50
-71
-91
-110
-128
-144
-159
-171
-182
-190
-196
-199
-200
-199
-194
-188
-178
-167
-153
-137
-119
-100
-79
-56
-33
-10
14
38
62
85
107
127
146
163
177
190
200
208
212
214
213
208
201
191
178
163
145
125
103
79
54
29
2
-24
-50
-76
-101
-125
-147
-167
-184
-199
-211
-220
-226
-229
-228
-224
-217
-206
-192
-175
-156
-133
-109
-83
-55
-27
2
31
60
88
115
141
164
184
202
218
229
237
242
242
239
232
221
207
189
168
144
118
90
60
29
-3
-35
-67
-97
-126
-154
-179
-201
-220
-235
-247
-254
-258
-257
-251
-242
-228
-210
-189
-164
-136
-106
-74
-40
-6
29
63
97
129
158
186
210
231
248
260
268
271
269
263
251
235
215
191
163
132
99
64
27
-11
-48
-85
-120
-154
-185
-212
-236
-256
-271
-280
-285
-285
-279
-267
-251
-230
-204
-175
-142
-106
-67
-28
13
53
93
131
167
199
228
253
272
287
295
299
296
287
273
253
227
198
164
126
86
44
0
-43
-86
-127
-166
-202
-234
-261
-283
-299
-309
-313
-310
-301
-286
-265
-237
-205
-169
-128
-85
-40
7
53
99
142
183
220
253
280
301
316
325
326
320
306
287
261
229
191
150
104
57
8
-42
-91
-138
-182
-223
-258
-288
-312
-329
-338
-340
-334
-320
-299
-271
-237
-197
-153
-105
-54
-1
52
103
153
199
241
277
307
330
345
352
351
341
324
298
265
226
181
131
78
23
-33
-88
-142
-192
-238
-278
-312
-338
-356
-365
-366
-357
-340
-314
-280
-239
-192
-139
-84
-25
34
92
149
202
250
292
326
353
370
378
377
366
345
315
277
232
180
124
64
2
-61
-122
-180
-234
-281
-322
-354
-377
-390
-393
-385
-367
-339
-302
-256
-204
-145
-83
-18
47
112
174
231
283
326
361
386
401
405
397
379
349
311
263
207
146
80
11
-58
-125
-190
-249
-302
-346
-381
-405
-417
-418
-406
-383
-349
-305
-251
-190
-124
-53
19
91
160
225
284
335
376
406
425
430
423
404
372
329
277
215
147
74
-1
-76
-150
-220
-283
-338
-382
-416
-436
-444
-438
-419
-386
-342
-287
-223
-152
-75
3
82
159
231
296
352
398
431
450
456
447
423
387
338
277
208
132
51
-31
-113
-192
-265
-329
-383
-425
-454
-468
-466
-449
-418
-373
-316
-248
-171
-89
-3
83
166
244
315
376
423
458
476
479
466
437
394
337
268
190
105
16
-74
-161
-244
-318
-381
-432
-468
-489
-492
-479
-449
-403
-343
-271
-190
-101
-8
85
175
260
336
400
450
485
502
502
484
448
397
331
253
166
72
-24
-121
-213
-298
-372
-433
-479
-507
-517
-508
-481
-436
-375
-300
-213
-119
-19
81
179
270
351
420
474
510
527
524
502
461
402
328
241
144
42
-62
-164
-260
-347
-421
-479
-518
-539
-538
-517
-476
-416
-340
-251
-151
-46
62
167
267
356
432
491
531
550
547
523
478
414
334
240
136
26
-86
-194
-295
-384
-458
-515
-550
-564
-555
-523
-470
-398
-309
-208
-97
17
131
241
340
426
495
543
570
573
552
508
443
359
260
150
33
-86
-202
-309
-404
-482
-540
-575
-586
-573
-535
-474
-393
-295
-184
-65
57
178
291
392
476
540
581
597
587
551
492
410
311
198
75
-51
-175
-292
-396
-484
-550
-593
-609
-598
-561
-498
-414
-311
-193
-66
64
191
310
416
503
568
607
619
603
559
490
398
288
165
33
-100
-230
-349
-453
-536
-594
-626
-628
-602
-547
-467
-365
-246
-115
22
158
287
404
501
575
622
640
628
586
516
422
307
177
38
-103
-240
-365
-474
-560
-619
-649
-648
-615
-552
-463
-351
-221
-81
64
206
339
455
550
617
655
660
633
575
488
376
246
103
-46
-192
-330
-451
-551
-623
-664
-672
-646
-588
-500
-387
-253
-107
46
196
337
461
562
635
675
681
652
590
497
378
239
88
-68
-222
-364
-488
-587
-655
-690
-689
-652
-581
-479
-352
-206
-49
112
266
407
527
619
679
703
689
639
555
440
302
148
-16
-178
-332
-468
-579
-660
-705
-712
-681
-613
-511
-381
-230
-66
102
265
413
540
637
699
723
707
652
561
439
292
129
-43
-212
-370
-508
-618
-694
-731
-727
-683
-599
-482
-338
-174
0
174
339
486
605
690
736
740
702
623
509
365
200
23
-156
-327
-479
-603
-694
-744
-751
-715
-637
-522
-376
-208
-28
155
330
485
612
703
754
760
721
639
519
368
195
10
-176
-353
-508
-634
-722
-767
-767
-720
-630
-502
-343
-163
27
216
392
545
665
745
780
768
708
605
465
296
108
-87
-277
-450
-596
-706
-772
-791
-761
-684
-564
-408
-227
-32
166
355
521
656
749
795
792
739
639
498
326
132
-70
-269
-451
-604
-720
-790
-810
-778
-696
-570
-406
-217
-13
193
386
555
689
778
817
803
737
623
468
282
77
-134
-336
-516
-663
-768
-822
-821
-767
-662
-513
-330
-125
89
298
487
644
759
823
833
787
688
543
361
154
-64
-278
-474
-638
-759
-830
-844
-802
-704
-559
-375
-166
56
274
474
642
766
838
852
808
708
559
371
157
-69
-290
-491
-659
-782
-850
-859
-809
-702
-545
-350
-130
99
322
523
688
804
864
863
800
681
513
309
82
-152
-375
-572
-728
-833
-878
-861
-782
-646
-464
-248
-13
222
443
631
775
862
887
848
747
591
391
163
-78
-314
-527
-702
-826
-890
-888
-820
-693
-513
-296
-56
189
420
620
775
872
904
869
769
611
407
171
-77
-320
-540
-719
-845
-907
-901
-827
-690
-500
-272
-23
228
462
662
812
899
918
867
749
573
353
106
-151
-396
-612
-781
-889
-929
-897
-795
-632
-419
-172
88
341
569
752
877
933
916
827
673
465
221
-42
-302
-539
-733
-870
-938
-932
-851
-703
-498
-254
12
277
520
722
867
942
941
865
719
514
267
-1
-271
-519
-725
-873
-950
-950
-873
-724
-516
-265
7
280
530
737
884
958
954
871
715
501
244
-34
-309
-559
-763
-904
-970
-956
-861
-695
-470
-206
77
353
600
798
928
980
950
839
657
420
146
-141
-416
-657
-842
-956
-988
-937
-805
-604
-351
-68
222
493
723
890
981
988
909
751
528
259
-33
-323
-585
-797
-940
-1002
-976
-865
-678
-431
-147
152
437
684
872
983
1007
943
795
576
306
9
-290
-564
-788
-943
-1013
-994
-886
-699
-448
-157
148
441
695
886
998
1020
950
794
566
286
-20
-325
-601
-823
-970
-1030
-996
-871
-666
-400
-97
216
509
756
933
1026
1024
927
745
493
196
-121
-426
-693
-896
-1016
-1042
-970
-808
-571
-280
38
353
635
858
1001
1050
1000
856
631
346
28
-294
-588
-827
-988
-1056
-1023
-893
-678
-397
-79
248
551
802
977
1058
1038
918
709
432
112
-219
-529
-788
-972
-1062
-1049
-935
-729
-452
-131
203
519
784
973
1067
1056
942
736
456
131
-207
-525
-792
-982
-1075
-1061
-943
-731
-446
-117
225
545
811
996
1082
1060
933
711
418
83
-262
-580
-841
-1018
-1092
-1056
-914
-679
-375
-33
313
628
880
1042
1099
1044
882
630
313
-37
-383
-691
-928
-1070
-1103
-1023
-837
-564
-233
122
466
761
979
1095
1097
986
772
477
132
-227
-563
-841
-1031
-1114
-1080
-933
-688
-371
-14
345
669
922
1078
1120
1045
858
580
240
-126
-479
-782
-1002
-1116
-1111
-987
-758
-447
-88
281
620
893
1071
1133
1073
898
626
285
-86
-450
-765
-997
-1122
-1125
-1006
-777
-464
-99
276
623
902
1082
1144
1080
898
617
268
-111
-479
-794
-1023
-1138
-1128
-993
-749
-421
-45
335
679
948
1112
1151
1063
856
552
186
-201
-566
-868
-1074
-1158
-1113
-943
-665
-313
76
456
785
1025
1150
1145
1009
758
421
35
-355
-705
-975
-1135
-1165
-1061
-836
-515
-134
263
630
924
1113
1174
1099
897
591
216
-185
-564
-879
-1092
-1179
-1128
-946
-653
-284
118
508
838
1071
1178
1147
982
700
336
-68
-465
-807
-1055
-1178
-1163
-1009
-736
-375
30
433
784
1043
1177
1172
1026
758
398
-9
-416
-774
-1039
-1180
-1180
-1037
-770
-409
1
412
773
1041
1184
1183
1039
768
403
-11
-424
-786
-1053
-1192
-1185
-1034
-755
-384
34
449
809
1070
1200
1182
1018
729
349
-75
-489
-844
-1095
-1210
-1175
-995
-690
-300
129
542
887
1122
1218
1161
958
636
233
-200
-608
-940
-1155
-1224
-1139
-910
-566
-150
285
685
998
1185
1222
1103
844
478
50
-385
-772
-1060
-1213
-1211
-1055
-762
-372
66
497
864
1120
1232
1185
985
658
245
-200
-619
-959
-1175
-1239
-1142
-896
-534
-101
345
746
1051
1218
1226
1074
780
384
-63
-502
-876
-1135
-1245
-1191
-980
-639
-213
241
664
999
1202
1245
1124
852
467
20
-431
-825
-1110
-1246
-1216
-1023
-693
-270
190
625
976
1196
1256
1146
881
497
45
-413
-816
-1109
-1252
-1225
-1032
-699
-270
196
635
989
1207
1261
1143
868
473
14
-448
-849
-1134
-1263
-1219
-1006
-655
-214
258
694
1035
1233
1260
1113
810
395
-75
-536
-923
-1181
-1275
-1191
-941
-559
-99
376
798
1109
1264
1242
1045
701
258
-222
-672
-1027
-1237
-1273
-1129
-824
-403
76
545
936
1195
1284
1190
926
530
57
-424
-845
-1145
-1282
-1235
-1011
-641
-180
309
753
1089
1268
1264
1078
735
286
-205
-667
-1033
-1249
-1284
-1133
-816
-381
110
586
976
1225
1294
1173
882
460
-30
-515
-926
-1201
-1299
-1206
-936
-527
-40
453
880
1176
1299
1230
977
579
95
-404
-843
-1157
-1299
-1248
-1010
-621
-139
364
813
1140
1297
1259
1032
649
168
-338
-794
-1131
-1297
-1268
-1047
-667
-186
323
784
1126
1297
1272
1052
672
189
-323
-786
-1130
-1301
-1274
-1051
-668
-181
333
797
1138
1305
1270
1040
650
158
-358
-820
-1155
-1312
-1265
-1023
-622
-124
394
851
1175
1317
1253
994
579
74
-444
-893
-1202
-1323
-1237
-956
-525
-12
504
941
1230
1325
1210
905
456
-65
-577
-998
-1261
-1324
-1176
-842
-374
154
658
1057
1288
1314
1129
763
275
-257
-749
-1121
-1313
-1295
-1068
-670
-163
370
844
1182
1329
1261
990
557
34
-495
-944
-1240
-1335
-1213
-894
-428
107
625
1042
1288
1324
1143
775
279
-263
-762
-1137
-1325
-1295
-1052
-636
-114
426
897
1219
1340
1240
933
472
-68
-597
-1027
-1287
-1333
-1157
-788
-288
261
766
1144
1331
1294
1041
613
82
-463
-931
-1243
-1346
-1222
-893
-412
138
665
1080
1313
1323
1109
707
185
-369
-861
-1207
-1348
-1259
-956
-490
60
600
1038
1298
1336
1145
758
240
-320
-825
-1188
-1348
-1275
-983
-521
31
578
1025
1295
1341
1155
768
248
-316
-825
-1192
-1351
-1275
-977
-508
49
598
1043
1305
1339
1139
739
209
-358
-863
-1216
-1356
-1257
-936
-451
114
660
1089
1326
1328
1095
667
121
-446
-936
-1259
-1358
-1216
-857
-346
228
761
1158
1349
1298
1015
549
-15
-577
-1035
-1308
-1346
-1142
-732
-190
386
894
1239
1361
1237
889
379
-199
-742
-1151
-1351
-1305
-1022
-554
16
584
1044
1315
1345
1129
707
155
-426
-929
-1262
-1364
-1215
-842
-315
270
806
1193
1361
1277
957
460
-123
-683
-1117
-1344
-1322
-1054
-591
-17
560
1033
1313
1349
1133
705
145
-443
-948
-1275
-1364
-1198
-806
-263
330
861
1230
1367
1247
891
367
-226
-778
-1182
-1363
-1286
-965
-461
130
697
1132
1352
1314
1026
542
-46
-625
-1085
-1338
-1335
-1077
-612
-30
558
1039
1321
1348
1117
670
94
-501
-999
-1305
-1358
-1150
-719
-149
451
963
1288
1364
1174
756
191
-412
-935
-1276
-1368
-1193
-785
-224
381
912
1264
1369
1205
804
245
-362
-898
-1258
-1370
-1213
-816
-258
351
891
1254
1370
1214
817
258
-352
-893
-1257
-1371
-1212
-812
-250
362
902
1262
1369
1203
796
230
-383
-920
-1272
-1369
-1191
-774
-201
413
943
1284
1365
1171
740
159
-454
-975
-1300
-1360
-1146
-698
-109
503
1012
1315
1351
1111
645
46
-562
-1055
-1333
-1339
-1070
-582
26
628
1101
1348
1318
1017
506
-110
-703
-1151
-1362
-1291
-954
-420
202
782
1200
1369
1254
878
320
-305
-867
-1248
-1370
-1206
-790
-210
415
953
1291
1359
1143
686
86
-533
-1040
-1329
-1338
-1066
-569
47
654
1123
1354
1300
970
435
-192
-779
-1201
-1368
-1245
-857
-287
344
902
1268
1363
1168
724
124
-502
-1021
-1322
-1340
-1071
-572
49
660
1129
1355
1290
947
399
-234
-817
-1224
-1367
-1214
-799
-211
423
965
1298
1349
1108
625
6
-614
-1101
-1348
-1301
-971
-429
207
797
1214
1364
1216
801
211
-426
-970
-1301
-1345
-1095
-603
22
641
1120
1351
1284
933
375
-265
-847
-1242
-1361
-1179
-734
-127
508
1030
1323
1322
1025
500
-137
-743
-1184
-1360
-1232
-828
-239
404
956
1293
1340
1086
587
-44
-665
-1137
-1352
-1263
-888
-313
332
903
1269
1348
1121
640
13
-616
-1106
-1345
-1277
-919
-352
295
875
1255
1349
1134
660
35
-599
-1095
-1340
-1278
-923
-356
293
875
1255
1346
1127
648
19
-614
-1105
-1341
-1267
-900
-325
326
901
1267
1339
1100
605
-31
-660
-1135
-1345
-1243
-850
-259
393
952
1289
1324
1049
527
-117
-735
-1180
-1348
-1199
-768
-157
492
1024
1314
1295
969
415
-238
-834
-1234
-1341
-1130
-652
-18
619
1109
1335
1244
856
265
-390
-952
-1287
-1314
-1028
-496
155
768
1197
1339
1160
702
76
-569
-1077
-1326
-1256
-883
-298
359
930
1275
1313
1032
503
-149
-765
-1195
-1336
-1152
-689
-59
586
1088
1325
1239
851
256
-402
-962
-1287
-1297
-990
-441
216
820
1222
1325
1102
608
-35
-670
-1140
-1329
-1191
-759
-140
513
1040
1309
1254
889
303
-357
-929
-1271
-1297
-1001
-457
201
809
1215
1318
1093
594
-53
-686
-1148
-1323
-1167
-719
-91
559
1070
1311
1223
828
224
-436
-986
-1288
-1265
-924
-349
313
896
1253
1292
1004
462
-197
-806
-1211
-1308
-1073
-565
86
715
1162
1313
1128
656
16
-628
-1111
-1311
-1175
-738
-113
541
1056
1300
1210
808
199
-461
-1003
-1286
-1238
-871
-279
384
948
1267
1258
923
349
-315
-898
-1247
-1273
-968
-412
251
849
1225
1282
1005
465
-196
-805
-1204
-1289
-1036
-512
145
765
1183
1291
1060
550
-104
-731
-1165
-1293
-1080
-583
68
701
1148
1291
1094
606
-41
-678
-1135
-1291
-1105
-625
20
660
1124
1288
1109
635
-8
-650
-1118
-1287
-1113
-641
2
644
1113
1284
1110
638
-5
-647
-1114
-1282
-1105
-631
13
653
1117
1279
1095
616
-30
-668
-1125
-1277
-1083
-596
53
687
1134
1273
1065
568
-84
-713
-1147
-1269
-1044
-535
121
743
1161
1262
1016
493
-166
-779
-1178
-1254
-985
-446
216
818
1194
1241
946
389
-274
-862
-1211
-1226
-901
-327
337
907
1226
1204
847
256
-407
-956
-1240
-1178
-788
-179
480
1004
1248
1142
718
92
-559
-1053
-1253
-1101
-640
0
639
1099
1249
1048
551
-100
-723
-1142
-1239
-986
-455
205
805
1178
1217
911
347
-315
-888
-1209
-1186
-826
-232
428
966
1228
1140
726
106
-544
-1039
-1237
-1081
-616
25
658
1103
1230
1005
491
-164
-772
-1157
-1209
-913
-355
306
878
1196
1169
803
206
-451
-977
-1220
-1109
-678
-50
592
1062
1222
1028
534
-115
-730
-1133
-1205
-925
-376
282
858
1182
1160
799
204
-451
-973
-1210
-1092
-653
-23
614
1069
1209
993
485
-167
-769
-1144
-1181
-869
-301
356
907
1189
1119
717
102
-542
-1025
-1204
-1025
-541
104
716
1116
1181
895
342
-314
-875
-1175
-1123
-735
-128
517
1007
1194
1023
544
-97
-710
-1108
-1173
-885
-331
323
878
1168
1106
709
98
-542
-1018
-1186
-994
-502
143
743
1118
1152
837
267
-384
-917
-1171
-1068
-640
-17
611
1051
1170
931
407
-241
-815
-1139
-1114
-747
-152
490
981
1170
998
520
-118
-720
-1099
-1140
-829
-262
385
912
1157
1044
607
-17
-636
-1057
-1150
-886
-348
298
851
1138
1071
670
61
-568
-1019
-1152
-925
-409
233
803
1120
1086
713
116
-517
-987
-1148
-948
-450
189
767
1104
1092
736
148
-486
-966
-1142
-956
-469
166
748
1092
1090
743
159
-474
-957
-1135
-953
-468
166
745
1088
1082
732
149
-482
-959
-1129
-938
-447
186
759
1088
1068
706
117
-509
-971
-1121
-910
-407
227
786
1092
1045
661
64
-553
-992
-1109
-868
-347
287
827
1098
1013
599
-9
-614
-1019
-1092
-810
-266
365
876
1101
966
516
-102
-687
-1046
-1064
-733
-163
460
931
1097
903
412
-214
-769
-1071
-1020
-634
-40
567
986
1080
817
284
-342
-854
-1084
-955
-510
103
681
1033
1042
705
134
-481
-936
-1079
-863
-360
262
796
1064
977
564
-38
-626
-1005
-1047
-739
-185
431
902
1069
878
392
-225
-766
-1049
-979
-580
15
603
987
1038
739
190
-423
-892
-1059
-868
-384
230
765
1040
962
557
-36
-617
-988
-1022
-709
-155
451
903
1047
833
335
-277
-794
-1039
-928
-501
97
661
998
992
646
78
-516
-932
-1028
-770
-248
359
842
1033
869
404
-199
-733
-1014
-943
-547
38
609
968
991
671
118
-476
-904
-1017
-777
-268
335
820
1018
862
405
-193
-722
-1000
-927
-531
50
613
961
971
641
87
-498
-907
-997
-737
-219
376
838
1004
816
341
-254
-759
-995
-880
-455
131
669
970
927
556
-13
-576
-934
-961
-647
-103
476
885
979
724
211
-376
-829
-985
-790
-314
274
763
979
844
407
-176
-695
-964
-887
-493
78
620
938
919
568
14
-545
-907
-942
-638
-104
467
868
955
696
186
-391
-825
-961
-748
-265
314
778
959
790
335
-242
-730
-952
-827
-401
170
678
938
855
460
-103
-628
-923
-879
-514
39
576
902
896
561
20
-527
-880
-909
-604
-77
478
855
917
640
127
-432
-831
-922
-672
-175
387
804
923
699
216
-347
-780
-923
-723
-255
308
755
920
742
288
-273
-732
-916
-759
-318
240
708
910
771
343
-213
-688
-905
-783
-366
187
669
898
789
383
-166
-653
-892
-796
-399
148
637
885
798
409
-134
-626
-881
-801
-418
123
616
874
800
422
-116
-610
-870
-799
-424
112
604
865
795
422
-112
-603
-862
-792
-418
115
603
858
785
409
-122
-606
-857
-778
-400
131
611
854
768
386
-145
-619
-853
-758
-370
160
627
851
744
349
-180
-639
-850
-730
-327
202
651
847
712
301
-228
-666
-845
-694
-272
255
681
840
671
239
-285
-698
-836
-647
-205
317
713
828
618
165
-352
-730
-820
-587
-124
388
745
808
552
78
-426
-761
-794
-514
-30
464
773
776
470
-21
-504
-785
-755
-424
74
542
793
728
373
-131
-581
-799
-698
-319
187
617
799
661
259
-247
-653
-796
-620
-196
306
684
786
572
128
-367
-713
-772
-520
-59
425
736
749
460
-15
-483
-755
-721
-396
89
537
766
684
324
-167
-589
-771
-640
-249
242
634
766
586
167
-319
-675
-754
-526
-83
392
706
730
455
-5
-463
-731
-698
-379
95
528
744
653
294
-186
-588
-747
-599
-204
274
638
737
532
107
-362
-680
-716
-457
-8
442
708
680
370
-94
-517
-725
-632
-276
193
581
726
568
173
-293
-636
-713
-492
-67
386
676
682
403
-45
-473
-702
-637
-305
154
547
709
573
196
-263
-610
-700
-495
-82
365
656
670
401
-37
-458
-685
-622
-296
154
538
693
554
179
-270
-604
-681
-469
-58
376
649
645
366
-68
-473
-675
-589
-252
192
552
676
510
126
-311
-614
-654
-413
3
417
651
605
299
-135
-510
-665
-534
-173
261
581
650
438
37
-378
-630
-609
-325
98
478
650
540
196
-232
-559
-642
-447
-59
354
612
603
332
-83
-461
-637
-536
-201
221
544
630
440
58
-349
-602
-591
-322
87
456
625
519
185
-229
-542
-616
-420
-40
357
595
570
295
-110
-466
-615
-493
-154
252
545
597
384
1
-381
-593
-543
-252
149
483
602
453
103
-292
-556
-572
-334
51
413
590
503
191
-204
-508
-585
-400
-37
341
565
536
267
-121
-454
-582
-450
-116
269
532
554
328
-46
-398
-570
-485
-182
201
493
561
376
21
-342
-550
-509
-238
139
453
560
413
79
-290
-527
-524
-284
84
413
552
440
128
-241
-500
-530
-319
37
375
540
459
168
-199
-474
-532
-346
-3
340
526
470
199
-163
-450
-529
-365
-34
311
512
476
221
-135
-428
-523
-377
-58
287
498
478
237
-113
-410
-516
-384
-74
268
485
476
246
-98
-395
-508
-385
-84
256
475
472
249
-89
-385
-500
-382
-87
248
466
465
246
-87
-378
-492
-375
-83
247
459
456
238
-91
-376
-484
-364
-74
250
455
444
225
-100
-377
-475
-349
-59
258
451
430
206
-115
-381
-466
-330
-38
270
449
414
182
-135
-388
-455
-306
-12
286
447
394
153
-160
-396
-442
-277
18
304
443
370
119
-188
-404
-426
-244
54
324
438
341
80
-218
-411
-406
-206
92
344
429
307
37
-250
-415
-380
-162
134
363
416
267
-10
-282
-416
-348
-112
177
379
396
220
-62
-312
-411
-309
-58
220
390
368
168
-114
-339
-398
-263
0
262
394
333
109
-168
-361
-377
-209
61
299
390
288
46
-219
-375
-346
-147
122
331
375
234
-21
-265
-378
-303
-80
182
352
348
171
-90
-305
-368
-249
-8
236
362
307
100
-156
-333
-345
-185
65
282
357
254
24
-217
-348
-306
-112
137
316
336
188
-54
-268
-347
-252
-32
203
335
298
112
-130
-305
-326
-184
50
257
334
242
29
-198
-324
-286
-105
129
296
313
171
-56
-254
-323
-228
-19
199
314
269
88
-136
-291
-298
-153
68
253
308
206
-1
-206
-306
-249
-66
149
287
278
127
-88
-257
-294
-180
24
216
295
223
37
-167
-284
-255
-96
112
260
274
147
-56
-228
-283
-192
-3
186
278
226
57
-140
-264
-251
-109
88
238
264
152
-37
-207
-268
-191
-15
167
261
219
63
-125
-246
-240
-109
78
222
250
147
-32
-194
-253
-180
-14
158
246
205
57
-120
-233
-224
-98
78
212
233
132
-38
-187
-237
-163
-3
156
232
185
41
-124
-223
-204
-78
88
206
214
109
-53
-186
-220
-137
17
161
218
159
17
-134
-213
-179
-50
103
201
190
79
-74
-186
-199
-106
43
167
201
127
-14
-146
-200
-147
-16
122
194
161
42
-98
-185
-172
-67
72
171
178
88
-48
-157
-181
-108
22
139
180
124
1
-121
-177
-138
-24
101
170
147
44
-81
-162
-154
-63
60
150
157
79
-41
-138
-160
-95
20
123
158
106
-3
-109
-155
-116
-15
93
149
123
30
-78
-143
-130
-46
62
134
132
57
-48
-126
-135
-70
32
115
133
78
-19
-105
-133
-87
5
93
129
93
7
-83
-125
-99
-18
71
120
102
27
-61
-115
-105
-37
49
107
105
44
-40
-101
-106
-52
29
93
104
57
-21
-86
-103
-62
12
78
99
65
-5
-72
-97
-69
-3
64
93
70
8
-57
-90
-72
-14
50
84
71
18
-44
-81
-72
-23
37
75
70
26
-32
-71
-69
-29
27
66
67
30
-23
-62
-66
-33
17
56
63
33
-14
-52
-61
-35
10
47
57
34
-8
-44
-55
-34
4
39
50
33
-3
-36
-48
-33
0
31
44
31
0
-29
-41
-30
-3
25
37
27
3
-23
-34
-26
-4
19
30
23
3
-17
-27
-21
-4
14
23
18
4
-12
-20
-17
-4
9
16
13
3
-8
-14
-12
-4
5
9
8
2
-4
-7
-6
-2
1
3
2
1
0
0
0
-1
-3
-4
-4
-1
4
6
5
0
-6
-10
-9
-1
8
13
11
1
-11
-17
-14
-2
12
20
16
2
-15
-24
-19
-3
16
26
20
1
-20
-30
-23
-2
22
33
24
0
-25
-37
-27
0
27
40
28
-1
-31
-44
-30
2
34
46
30
-5
-38
-50
-32
6
41
52
31
-10
-46
-56
-32
11
49
57
31
-16
-54
-61
-31
19
58
63
29
-24
-63
-65
-28
27
66
66
25
-33
-72
-68
-22
38
75
67
17
-44
-80
-68
-14
50
84
67
9
-57
-88
-67
-4
62
91
63
-4
-70
-95
-62
10
76
96
57
-18
-84
-99
-53
25
90
99
47
-35
-97
-100
-41
44
103
98
33
-55
-109
-97
-25
64
114
94
14
-75
-119
-90
-5
84
122
84
-7
-95
-125
-77
19
104
125
68
-33
-115
-126
-59
46
123
123
46
-61
-132
-121
-34
74
137
115
19
-89
-143
-108
-4
103
146
97
-13
-117
-148
-87
30
129
147
72
-49
-141
-145
-58
67
150
138
39
-87
-159
-131
-20
104
163
119
-1
-122
-167
-107
22
137
166
89
-46
-153
-164
-71
68
165
156
48
-92
-175
-147
-25
113
181
133
-1
-135
-184
-116
27
154
182
94
-56
-171
-178
-71
82
184
167
43
-110
-194
-154
-14
135
198
134
-18
-160
-200
-111
49
178
193
83
-82
-195
-183
-53
113
206
166
18
-144
-213
-145
17
169
212
117
-55
-193
-206
-86
91
209
192
49
-127
-222
-173
-11
159
226
146
-31
-188
-224
-114
71
211
213
75
-113
-229
-195
-34
150
237
168
-12
-185
-238
-135
58
213
229
94
-104
-235
-212
-50
146
246
184
0
-186
-250
-150
50
218
242
106
-101
-243
-225
-58
148
256
195
3
-192
-261
-157
51
226
252
110
-106
-253
-232
-57
157
267
199
-2
-204
-271
-157
61
240
259
104
-121
-267
-235
-46
175
279
197
-18
-222
-278
-148
82
257
261
88
-145
-282
-230
-24
200
289
184
-46
-246
-282
-128
113
278
256
61
-177
-296
-216
11
231
296
160
-85
-274
-278
-94
154
299
241
19
-217
-307
-189
58
266
294
121
-135
-301
-263
-46
203
314
211
-37
-261
-308
-145
117
300
278
65
-193
-321
-230
19
256
318
162
-106
-302
-292
-82
186
326
243
-9
-255
-328
-175
98
305
302
90
-184
-333
-253
2
256
334
182
-98
-311
-310
-95
186
339
258
-4
-264
-342
-184
102
318
314
91
-196
-348
-259
10
273
347
179
-114
-329
-316
-83
209
355
254
-25
-288
-351
-170
131
341
312
65
-229
-364
-245
46
305
351
151
-157
-355
-306
-41
253
370
227
-76
-327
-349
-126
187
368
291
7
-282
-374
-203
112
348
339
90
-224
-381
-269
33
312
371
167
-157
-371
-323
-46
264
387
236
-84
-345
-363
-123
205
387
294
-9
-307
-388
-193
140
374
341
65
-259
-399
-255
71
347
376
135
-203
-397
-308
2
311
398
200
-142
-384
-351
-66
267
408
257
-80
-361
-383
-130
217
409
306
-17
-330
-406
-190
164
399
347
44
-292
-418
-243
108
382
379
102
-251
-423
-290
54
359
404
157
-206
-420
-330
-1
330
421
206
-160
-411
-364
-52
298
432
251
-114
-397
-391
-101
264
436
290
-68
-378
-413
-146
229
436
324
-25
-358
-430
-187
193
432
354
15
-336
-441
-223
159
425
379
53
-313
-450
-256
126
416
399
88
-290
-455
-285
96
406
417
119
-267
-457
-310
67
395
431
147
-247
-459
-332
42
384
442
172
-227
-459
-350
19
374
452
193
-211
-458
-366
0
366
460
210
-197
-458
-379
-16
358
466
225
-185
-458
-389
-29
353
471
236
-177
-458
-397
-38
350
476
244
-172
-460
-403
-43
350
480
249
-170
-462
-407
-45
351
483
250
-172
-466
-409
-43
356
486
249
-177
-470
-409
-37
363
488
244
-186
-476
-406
-28
372
490
235
-199
-483
-401
-14
384
490
223
-215
-490
-393
4
398
489
207
-234
-498
-382
26
414
486
186
-257
-505
-367
52
431
481
162
-282
-511
-348
82
450
472
132
-311
-516
-325
116
468
460
98
-341
-518
-297
153
486
443
58
-373
-517
-263
195
503
422
14
-405
-512
-224
239
516
394
-34
-437
-502
-178
285
526
359
-87
-468
-485
-126
331
531
318
-144
-495
-461
-68
378
530
268
-203
-518
-428
-5
423
521
211
-264
-534
-387
63
464
501
146
-325
-542
-335
135
500
472
73
-384
-541
-273
210
528
431
-5
-439
-527
-201
284
545
377
-89
-486
-500
-120
356
550
310
-176
-524
-459
-30
422
541
231
-263
-549
-401
65
480
514
140
-346
-558
-328
163
525
469
40
-422
-550
-240
261
554
405
-67
-487
-520
-138
354
564
323
-176
-536
-468
-26
437
551
223
-284
-565
-394
93
505
512
108
-384
-569
-298
212
552
449
-16
-469
-545
-183
326
574
359
-146
-534
-492
-54
428
565
245
-273
-572
-410
84
510
524
114
-389
-578
-299
222
564
449
-30
-486
-548
-166
351
583
341
-178
-554
-480
-16
462
564
207
-319
-586
-376
140
543
502
52
-442
-576
-240
292
586
401
-112
-535
-520
-81
425
583
263
-273
-587
-420
91
527
531
99
-416
-590
-280
260
587
431
-80
-526
-540
-109
411
593
286
-258
-590
-436
77
527
542
109
-415
-597
-286
261
593
434
-85
-534
-542
-101
424
597
276
-275
-599
-426
101
543
535
82
-441
-597
-258
296
604
409
-127
-558
-525
-54
462
593
229
-327
-611
-386
161
574
506
15
-490
-585
-192
363
614
351
-207
-592
-482
32
519
570
142
-406
-614
-307
258
607
445
-91
-552
-548
-84
451
606
250
-318
-618
-398
158
581
514
12
-500
-591
-183
380
621
337
-234
-607
-467
68
546
561
100
-447
-615
-263
313
623
404
-159
-587
-517
-7
509
592
171
-397
-627
-324
255
617
453
-98
-566
-551
-66
475
611
225
-355
-632
-369
209
608
487
-52
-547
-574
-109
449
623
262
-324
-633
-399
178
602
508
-22
-535
-588
-136
433
629
283
-308
-634
-415
162
599
519
-9
-530
-594
-146
429
633
289
-305
-636
-418
162
602
520
-13
-535
-595
-139
437
634
280
-318
-640
-408
179
610
511
-33
-549
-588
-115
458
632
255
-345
-645
-384
212
622
489
-72
-571
-572
-74
489
624
213
-385
-647
-343
261
637
455
-126
-597
-545
-15
528
607
153
-436
-643
-286
323
648
403
-197
-624
-503
61
571
578
75
-495
-628
-208
396
650
331
-282
-646
-440
154
612
529
-23
-555
-596
-110
474
638
236
-376
-655
-354
261
644
455
-138
-610
-540
10
550
601
117
-472
-642
-241
375
656
353
-266
-648
-453
146
614
534
-24
-561
-598
-100
487
638
219
-397
-658
-330
293
654
428
-182
-629
-513
63
583
579
55
-519
-628
-172
438
654
282
-344
-661
-383
240
647
470
-130
-614
-545
15
562
601
97
-495
-641
-207
413
660
310
-321
-662
-404
220
644
485
-115
-611
-553
5
559
605
101
-495
-642
-206
417
661
304
-331
-665
-394
235
650
473
-136
-621
-540
33
576
593
68
-519
-633
-169
449
657
263
-372
-667
-352
285
661
432
-194
-642
-502
98
608
560
-3
-563
-607
-93
506
640
185
-441
-662
-275
365
668
356
-285
-663
-430
199
645
496
-112
-617
-553
21
575
597
67
-526
-632
-154
467
656
237
-402
-669
-316
329
669
388
-254
-660
-454
173
639
511
-93
-611
-562
10
572
601
70
-527
-634
-150
473
655
226
-415
-668
-299
349
671
365
-282
-666
-428
210
652
483
-139
-631
-532
64
601
574
8
-565
-609
-82
522
635
151
-475
-655
-220
423
667
284
-367
-673
-346
307
670
401
-247
-662
-453
183
646
499
-119
-625
-541
55
598
576
8
-568
-607
-72
531
630
132
-492
-650
-192
448
662
248
-402
-671
-302
353
673
352
-304
-671
-401
251
663
443
-199
-652
-484
146
636
519
-93
-617
-552
40
594
580
11
-568
-605
-63
538
624
112
-508
-642
-161
474
654
207
-440
-664
-252
402
669
293
-365
-673
-334
326
672
371
-287
-669
-407
247
663
439
-208
-655
-471
167
644
498
-129
-632
-525
89
617
547
-52
-601
-569
14
583
587
22
-565
-604
-58
544
617
91
-524
-631
-125
502
640
156
-480
-650
-188
457
656
216
-435
-663
-245
411
666
271
-389
-669
-296
365
670
319
-344
-671
-343
320
670
363
-299
-669
-384
277
666
402
-257
-664
-420
236
659
435
-217
-657
-451
197
651
464
-180
-647
-478
162
642
489
-146
-637
-501
129
631
510
-115
-627
-520
100
620
527
-88
-616
-535
75
611
541
-64
-607
-548
53
601
553
-45
-598
-558
35
593
561
-29
-590
-566
21
587
568
-16
-585
-571
10
581
572
-8
-580
-574
4
578
575
-3
-578
-576
1
576
575
-2
-577
-575
2
577
573
-5
-578
-572
7
579
569
-12
-582
-568
15
583
564
-22
-586
-561
27
588
556
-36
-592
-552
44
595
547
-53
-600
-541
63
603
534
-75
-608
-527
86
612
518
-100
-617
-510
113
621
500
-128
-626
-490
143
630
478
-160
-636
-467
176
639
452
-195
-644
-439
212
647
422
-232
-651
-407
251
652
388
-272
-655
-370
292
655
349
-314
-657
-328
335
655
305
-358
-654
-282
379
651
256
-402
-648
-230
423
641
201
-446
-635
-173
466
626
142
-488
-617
-111
508
604
78
-529
-591
-45
547
574
10
-566
-558
25
581
537
-62
-597
-515
99
610
490
-137
-623
-464
174
632
434
-213
-640
-404
250
644
369
-289
-647
-334
326
647
295
-363
-645
-256
398
637
213
-433
-629
-170
465
615
123
-497
-599
-77
525
578
28
-552
-555
21
575
528
-72
-596
-497
122
612
461
-173
-627
-424
222
635
381
-273
-640
-336
320
640
287
-368
-636
-237
411
626
182
-454
-612
-127
491
591
67
-527
-567
-9
557
535
-52
-584
-500
112
605
458
-173
-622
-413
232
630
361
-290
-635
-307
345
631
248
-399
-623
-187
447
605
121
-492
-582
-54
531
551
-15
-565
-514
83
591
469
-153
-612
-420
219
624
363
-286
-630
-302
347
625
235
-407
-613
-165
459
592
91
-507
-563
-17
546
524
-60
-580
-478
136
603
423
-211
-619
-362
283
623
294
-352
-620
-222
414
603
143
-471
-578
-63
519
542
-20
-560
-497
102
590
440
-185
-610
-377
263
618
305
-338
-616
-228
406
599
144
-468
-573
-58
519
533
-32
-562
-483
119
591
421
-207
-609
-350
289
613
271
-367
-605
-186
435
581
94
-496
-546
-2
543
495
-93
-580
-434
185
602
361
-274
-610
-280
355
601
189
-430
-578
-94
492
539
-5
-544
-487
103
579
419
-200
-600
-341
292
604
252
-377
-592
-157
450
561
55
-512
-515
48
557
452
-152
-588
-377
249
600
288
-341
-594
-191
422
568
86
-491
-526
20
543
465
-129
-579
-389
231
594
298
-329
-591
-199
413
566
91
-486
-523
20
540
459
-132
-577
-380
238
591
286
-338
-585
-181
423
556
68
-495
-507
46
547
436
-161
-579
-351
269
587
249
-368
-573
-138
451
534
20
-517
-475
99
561
394
-215
-582
-297
320
578
186
-414
-550
-68
489
496
-55
-544
-422
174
573
327
-288
-578
-218
387
555
97
-471
-508
27
530
434
-153
-567
-341
269
575
230
-375
-556
-109
460
508
-20
-525
-436
146
562
340
-267
-572
-228
373
550
102
-462
-501
28
524
424
-159
-561
-326
279
566
208
-387
-541
-80
472
485
-55
-532
-403
185
561
295
-307
-559
-173
409
523
38
-490
-458
97
541
365
-229
-561
-251
345
545
119
-443
-498
18
512
418
-156
-551
-314
283
553
187
-394
-522
-50
479
456
-92
-534
-362
226
553
242
-348
-536
-107
445
483
-37
-514
-397
177
546
283
-307
-543
-151
414
499
6
-494
-423
137
537
314
-273
-544
-184
388
509
40
-476
-439
107
528
335
-248
-542
-207
368
514
61
-463
-448
87
520
347
-231
-539
-219
355
515
73
-454
-451
78
515
350
-224
-536
-222
350
512
74
-451
-448
78
512
346
-226
-532
-216
353
507
66
-452
-440
88
512
333
-237
-529
-200
363
498
47
-459
-426
108
513
313
-256
-524
-175
379
485
19
-470
-404
138
516
285
-283
-517
-141
400
467
-19
-483
-376
175
517
247
-316
-504
-96
425
441
-66
-495
-337
220
515
198
-354
-486
-42
451
407
-121
-505
-289
270
507
140
-394
-458
22
475
361
-184
-509
-228
324
489
70
-432
-418
95
494
303
-250
-504
-156
378
458
-10
-466
-365
172
502
229
-318
-485
-71
427
412
-97
-489
-294
253
496
142
-382
-448
24
466
346
-190
-498
-207
331
470
42
-437
-390
126
489
261
-281
-484
-104
401
421
-67
-474
-309
229
489
157
-365
-445
12
454
346
-181
-489
-205
326
460
37
-432
-377
134
482
244
-290
-472
-81
407
400
-93
-473
-278
254
476
119
-383
-418
55
460
304
-223
-478
-152
359
430
-23
-448
-326
193
476
177
-338
-440
-5
435
342
-169
-474
-199
318
445
26
-425
-356
148
469
214
-303
-449
-45
413
363
-133
-466
-227
289
449
56
-406
-369
121
461
234
-281
-450
-65
399
370
-115
-458
-237
275
447
67
-396
-370
112
455
235
-275
-445
-66
394
366
-115
-453
-231
276
441
59
-395
-360
121
451
221
-283
-436
-49
397
350
-132
-450
-209
291
429
33
-403
-338
146
448
191
-303
-420
-15
408
322
-166
-446
-171
317
408
-10
-416
-303
187
442
144
-334
-395
37
422
278
-213
-438
-115
351
376
-69
-428
-251
240
429
80
-369
-355
104
431
217
-270
-418
-42
386
327
-143
-433
-180
299
400
-2
-402
-296
182
429
135
-329
-379
49
414
256
-225
-422
-87
356
349
-99
-422
-212
265
406
33
-381
-313
150
423
159
-306
-384
24
399
268
-204
-417
-102
341
351
-85
-413
-217
254
401
38
-373
-310
146
415
155
-302
-375
28
395
258
-208
-408
-89
343
337
-99
-408
-197
265
387
15
-376
-287
168
407
125
-317
-354
61
397
224
-235
-393
-48
357
304
-139
-404
-152
294
361
-35
-387
-242
212
393
68
-344
-314
118
398
165
-280
-365
19
377
249
-200
-391
-79
334
316
-109
-394
-170
272
362
-15
-372
-249
195
386
78
-331
-312
109
388
164
-272
-357
20
369
240
-201
-381
-68
332
301
-120
-385
-151
278
345
-37
-371
-224
213
372
47
-339
-284
139
380
126
-292
-330
61
371
197
-234
-360
-17
347
258
-167
-375
-94
308
306
-96
-373
-163
259
342
-22
-357
-225
201
362
49
-328
-276
136
369
118
-288
-316
70
363
180
-239
-344
2
344
234
-184
-360
-64
315
278
-125
-364
-125
277
313
-64
-357
-180
232
338
-2
-339
-229
182
352
57
-313
-270
129
357
113
-280
-303
74
352
164
-241
-327
19
338
209
-197
-342
-35
318
248
-150
-349
-85
291
280
-103
-349
-133
259
305
-54
-342
-175
223
324
-7
-328
-213
184
335
39
-309
-246
144
341
83
-285
-273
103
341
123
-258
-295
61
335
160
-228
-312
21
324
193
-197
-323
-18
310
222
-163
-330
-55
293
247
-130
-333
-90
272
268
-96
-331
-122
250
285
-63
-326
-151
227
299
-31
-319
-178
201
308
-1
-309
-201
177
315
29
-296
-222
151
318
55
-283
-240
126
320
81
-267
-254
102
319
105
-252
-267
78
316
126
-235
-278
55
312
145
-219
-286
34
307
162
-202
-292
14
300
178
-187
-297
-5
293
191
-170
-300
-22
285
203
-156
-303
-38
277
213
-141
-303
-52
269
222
-128
-303
-65
261
230
-116
-303
-77
253
236
-104
-302
-87
246
241
-94
-300
-96
239
245
-85
-298
-103
232
248
-77
-296
-109
227
250
-70
-294
-114
222
251
-65
-292
-118
217
253
-60
-290
-121
213
252
-57
-288
-122
211
252
-55
-286
-123
209
251
-54
-284
-123
207
249
-54
-283
-121
207
247
-55
-281
-118
207
245
-57
-280
-115
208
241
-61
-279
-111
210
238
-65
-277
-105
212
233
-70
-276
-99
215
228
-76
-275
-91
218
223
-83
-273
-83
222
216
-91
-272
-74
226
209
-100
-269
-63
230
200
-110
-267
-52
234
191
-119
-263
-39
239
182
-130
-259
-26
242
170
-141
-254
-12
247
158
-152
-248
4
249
144
-164
-242
19
252
129
-175
-233
36
254
113
-187
-224
54
254
96
-198
-212
72
254
77
-208
-200
89
251
58
-218
-185
108
248
37
-226
-170
126
242
15
-233
-151
144
234
-8
-239
-132
161
224
-31
-242
-110
177
212
-55
-244
-87
192
197
-78
-242
-63
205
180
-101
-239
-37
216
160
-124
-232
-10
225
138
-146
-222
17
231
114
-166
-209
46
234
88
-184
-192
73
233
59
-200
-173
100
229
29
-212
-150
126
220
-2
-221
-124
150
208
-33
-226
-96
171
191
-64
-227
-64
190
170
-94
-223
-32
204
146
-123
-214
2
214
117
-149
-201
36
219
86
-172
-182
70
219
52
-191
-158
102
213
16
-204
-130
131
202
-20
-213
-98
157
184
-56
-215
-63
179
161
-91
-211
-26
196
132
-123
-200
13
206
99
-152
-182
51
209
62
-175
-158
88
205
23
-192
-128
121
193
-17
-203
-93
151
174
-57
-205
-55
174
148
-95
-199
-14
191
116
-128
-185
28
199
78
-157
-162
69
198
37
-179
-133
107
189
-7
-192
-97
139
170
-49
-196
-56
165
143
-90
-191
-12
183
109
-126
-175
32
191
68
-155
-151
75
189
24
-176
-117
113
176
-21
-187
-77
146
153
-66
-187
-33
169
120
-106
-176
14
182
81
-140
-153
59
183
35
-165
-122
101
173
-12
-179
-81
136
151
-58
-181
-36
161
118
-101
-170
12
175
77
-136
-147
59
176
30
-161
-113
102
164
-19
-174
-71
137
139
-66
-173
-23
160
103
-108
-159
27
171
59
-141
-131
74
167
10
-162
-92
114
149
-40
-169
-46
145
118
-86
-161
4
162
76
-124
-139
54
165
28
-151
-103
98
151
-24
-163
-58
133
123
-72
-159
-7
154
83
-114
-140
44
160
35
-143
-106
90
149
-17
-157
-61
126
122
-67
-155
-10
149
82
-109
-136
42
155
33
-139
-101
89
143
-20
-153
-55
125
115
-69
-149
-3
146
73
-111
-127
49
149
23
-138
-90
95
134
-30
-149
-42
128
102
-79
-140
11
144
57
-117
-114
62
142
5
-140
-72
105
121
-48
-143
-21
133
83
-94
-127
33
142
34
-126
-94
81
131
-20
-140
-47
117
101
-70
-134
7
136
56
-110
-107
59
134
3
-133
-65
101
111
-50
-135
-14
127
72
-94
-116
40
133
21
-124
-79
86
117
-33
-133
-29
119
83
-81
-119
25
130
33
-115
-87
74
119
-20
-129
-39
110
88
-70
-120
15
126
42
-107
-91
65
119
-13
-125
-45
104
91
-63
-119
9
122
45
-102
-92
60
117
-8
-121
-47
99
90
-59
-117
7
119
45
-99
-90
58
114
-8
-118
-45
97
87
-59
-113
8
116
42
-98
-85
59
110
-11
-115
-40
97
82
-62
-109
13
113
35
-98
-79
63
105
-18
-113
-32
98
74
-66
-102
21
111
26
-100
-70
69
98
-27
-110
-21
100
63
-73
-95
32
107
13
-102
-57
76
89
-39
-106
-7
102
49
-81
-84
44
102
-2
-103
-42
84
77
-52
-99
10
102
33
-89
-70
58
94
-20
-102
-24
91
61
-66
-89
28
100
13
-94
-53
72
82
-38
-98
-3
95
41
-79
-75
47
93
-9
-96
-31
83
65
-57
-88
20
95
18
-88
-55
64
80
-32
-94
-6
90
42
-73
-72
43
89
-8
-92
-30
79
61
-55
-84
20
90
16
-84
-50
63
75
-34
-89
-2
86
36
-73
-66
46
83
-13
-88
-22
78
53
-58
-76
27
85
6
-83
-40
67
65
-42
-82
8
84
24
-75
-53
53
74
-25
-84
-9
79
38
-65
-64
39
78
-9
-82
-23
72
50
-53
-71
25
80
5
-78
-36
63
59
-41
-75
11
78
18
-72
-46
53
65
-29
-77
-1
75
29
-65
-54
43
69
-18
-76
-12
71
38
-57
-60
34
71
-8
-75
-21
66
45
-49
-63
25
72
1
-72
-29
60
50
-42
-66
17
71
9
-68
-35
54
54
-35
-67
10
70
16
-64
-39
49
57
-29
-68
3
68
20
-61
-43
44
58
-23
-67
-1
66
24
-57
-46
39
59
-19
-66
-6
63
27
-54
-47
36
59
-15
-65
-8
61
29
-51
-48
33
58
-13
-64
-10
59
30
-48
-48
31
58
-11
-62
-11
57
30
-47
-48
29
57
-10
-61
-12
56
30
-46
-46
29
55
-10
-59
-11
55
29
-45
-45
28
54
-11
-58
-10
54
27
-45
-43
29
52
-12
-57
-8
53
25
-45
-41
30
50
-14
-55
-6
52
23
-45
-38
32
48
-16
-54
-3
52
19
-46
-35
33
45
-19
-52
1
51
15
-47
-31
35
42
-22
-49
5
50
11
-47
-27
37
38
-26
-47
10
49
6
-47
-22
39
34
-29
-44
14
47
0
-48
-16
42
29
-33
-40
19
45
-6
-47
-11
43
23
-36
-35
24
42
-11
-46
-4
44
17
-39
-30
28
38
-17
-44
2
44
10
-41
-23
33
33
-23
-41
9
42
3
-42
-17
36
27
-28
-36
16
40
-5
-42
-9
38
20
-33
-31
23
37
-12
-40
-1
39
12
-36
-24
28
31
-19
-38
7
39
4
-38
-16
32
25
-26
-33
15
37
-5
-38
-7
35
17
-31
-27
22
32
-13
-37
1
36
8
-34
-19
28
26
-20
-33
10
35
-1
-35
-10
32
19
-27
-27
18
31
-10
-35
-1
33
10
-31
-19
25
26
-18
-31
9
33
0
-33
-10
29
18
-25
-26
17
29
-9
-32
-1
31
9
-29
-17
24
23
-18
-28
9
30
-1
-31
-8
28
15
-24
-22
17
26
-11
-29
2
29
5
-28
-14
24
19
-19
-25
12
27
-5
-29
-4
27
10
-25
-18
19
22
-14
-26
6
27
0
-28
-8
24
14
-21
-20
15
23
-10
-27
2
26
4
-25
-11
22
16
-18
-21
12
24
-6
-26
-1
24
7
-23
-14
19
17
-15
-22
9
23
-3
-24
-4
23
9
-21
-15
16
18
-13
-22
6
22
-1
-23
-5
21
10
-19
-15
15
18
-11
-21
5
22
0
-22
-6
20
10
-18
-15
13
17
-10
-21
4
21
1
-21
-6
19
10
-17
-15
13
17
-9
-20
4
19
0
-20
-6
18
9
-16
-14
12
16
-9
-18
4
19
0
-19
-5
17
8
-16
-13
12
14
-10
-17
5
18
-1
-18
-4
17
7
-16
-11
12
13
-10
-16
5
16
-3
-17
-2
16
5
-16
-9
13
11
-11
-14
7
15
-4
-16
0
15
3
-16
-7
13
9
-12
-12
8
13
-6
-15
2
15
0
-15
-5
13
7
-13
-10
10
11
-8
-13
4
13
-2
-15
-2
13
4
-13
-8
11
9
-9
-11
6
12
-4
-14
1
13
1
-13
-5
11
6
-11
-9
8
10
-7
-12
3
12
-2
-13
-2
11
3
-12
-6
10
8
-9
-10
6
10
-4
-12
1
11
0
-12
-3
10
4
-10
-7
8
8
-7
-10
4
10
-3
-11
0
10
1
-11
-4
9
4
-9
-7
7
8
-6
-9
3
9
-2
-10
0
9
1
-10
-4
8
5
-8
-7
6
7
-5
-9
3
9
-2
-9
-1
9
1
-9
-4
7
4
-8
-6
5
6
-5
-8
3
8
-2
-9
0
8
1
-8
-3
7
3
-7
-6
5
5
-5
-7
3
7
-3
-8
0
7
0
-8
-2
7
3
-7
-5
5
4
-5
-6
3
6
-3
-7
1
7
-1
-7
-1
6
1
-7
-3
5
3
-6
-5
4
5
-4
-6
2
6
-2
-7
0
5
0
-6
-2
5
2
-6
-4
4
3
-4
-5
3
4
-3
-6
1
5
-1
-6
-1
5
1
-6
-2
5
2
-5
-3
3
3
-4
-5
2
4
-2
-5
1
4
-1
-5
-1
4
1
-5
-2
4
2
-4
-3
3
3
-3
-4
2
3
-2
-4
1
4
-1
-5
-1
4
0
-5
-2
3
1
-4
-2
3
2
-3
-3
2
3
-2
-4
1
3
-1
-4
0
3
0
-4
-1
3
0
-4
-2
3
1
-3
-3
2
2
-2
-3
1
2
-2
-3
0
3
-1
-3
0
2
0
-4
-1
2
0
-3
-2
2
1
-2
-2
2
2
-2
-3
1
2
-2
-3
0
2
-1
-3
0
2
0
-3
-1
2
0
-3
-2
2
1
-2
-2
1
1
-2
-2
1
1
-2
-2
0
1
-1
-2
0
2
-1
-2
-1
1
0
-2
-1
1
0
-2
-1
1
0
-2
-2
1
1
-2
-2
1
1
-1
-2
0
1
-1
-2
0
1
-1
-2
-1
1
-1
-2
-1
1
0
-2
-1
1
0
-2
-1
1
0
-1
-1
0
1
-1
-2
0
1
-1
-1
0
1
-1
-2
0
1
-1
-2
0
1
0
-1
-1
1
0
-2
-1
0
0
-1
-1
0
0
-1
-1
0
0
-1
-1
0
0
-1
-1
0
1
0
-1
0
0
-1
-1
0
0
-1
-1
0
0
0
-1
-1
0
0
-1
0
1
0
-1
-1
0
0
-1
-1
0
0
-1
-1
0
0
0
-1
0
0
-1
-1
0
0
-1
-1
0
0
0
-1
-1
0
0
-1
-1
0
-1
-1
-1
0
0
-1
0
0
0
-1
-1
0
0
-1
-1
0
0
-1
-1
0
0
-1
-1
-1
0
-1
-1
0
0
0
-1
0
0
0
-1
-1
0
-1
-1
0
0
0
-1
-1
0
0
-1
0
0
0
0
0
0
-1
-1
-1
0
0
-1
-1
0
0
0
0
0
0
0
-1
0
0
-1
-1
-1
0
0
0
0
0
-1
-1
0
0
-1
-1
-1
0
0
0
0
0
0
-1
0
0
0
-1
-1
-1
0
-1
0
0
0
0
0
0
0
-1
-1
-1
-1
-1
0
0
0
-1
-1
0
0
0
0
0
0
0
0
0
0
-1
-1
-1
-1
-1
-1
-1
0
0
0
0
0
0
-1
0
0
0
0
0
-1
-1
0
0
0
0
-1
0
0
0
0
-1
-1
-1
0
0
0
-1
0
0
0
0
-1
-1
-1
-1
-1
-1
0
-1
0
0
0
0
0
0
0
0
0
0
0
0
0
0
0
-1
0
-1
-1
-1
