0
0
0
0
0
0
0
0
0
0
0
0
0
0
0
0
0
0
0
0
0
0
0
0
-1
-1
-1
-1
-1
-1
-1
-1
-1
-1
-1
-1
-1
-1
-1
-1
-1
-1
-1
-1
-1
-1
-1
-1
-1
-1
-1
-1
-1
-1
0
0
0
0
0
-1
-1
-1
0
0
0
0
0
0
0
0
0
0
0
0
0
1
1
1
1
1
1
1
1
1
1
1
1
1
1
2
2
2
2
2
2
2
2
2
2
2
2
3
3
3
3
3
3
3
3
3
3
3
3
3
3
3
3
3
3
3
4
4
4
4
3
3
3
3
4
4
4
4
3
3
3
3
3
3
3
3
3
3
3
3
3
3
3
3
2
2
2
2
2
2
2
2
2
2
2
2
1
1
1
1
1
1
0
0
0
0
-1
-1
-1
-2
-2
-2
-2
-3
-3
-3
-4
-4
-4
-5
-5
-6
-6
-6
-7
-7
-7
-8
-8
-8
-9
-9
-10
-10
-10
-11
-11
-11
-12
-12
-13
-13
-13
-14
-14
-15
-15
-15
-15
-16
-16
-16
-16
-17
-17
-17
-17
-18
-18
-18
-18
-18
-18
-18
-18
-18
-18
-18
-18
-18
-18
-18
-17
-17
-17
-17
-17
-16
-16
-16
-15
-15
-14
-13
-13
-12
-12
-11
-11
-10
-9
-8
-8
-7
-6
-5
-4
-4
-3
-2
-1
0
1
2
2
4
5
6
7
8
9
10
11
12
13
14
15
17
18
19
20
21
21
23
24
24
25
26
27
27
28
29
29
30
30
31
31
31
31
31
31
31
31
31
31
31
30
30
29
29
28
27
26
25
25
23
22
21
19
18
16
15
13
11
10
8
7
5
3
1
-1
-3
-5
-7
-9
-11
-13
-15
-18
-20
-22
-24
-26
-28
-29
-31
-33
-35
-36
-38
-40
-41
-43
-44
-45
-46
-47
-48
-48
-48
-49
-49
-49
-49
-48
-48
-47
-47
-46
-45
-44
-42
-41
-39
-37
-35
-33
-31
-28
-26
-23
-20
-18
-15
-11
-8
-5
-2
1
4
7
11
14
18
21
24
28
31
34
37
40
43
45
48
50
53
55
56
58
59
60
61
62
62
63
63
62
62
61
60
58
57
55
53
50
47
44
41
38
34
31
26
22
18
14
10
5
0
-5
-9
-14
-19
-24
-28
-33
-38
-42
-46
-51
-55
-59
-62
-65
-68
-71
-73
-75
-77
-78
-79
-80
-80
-80
-79
-78
-77
-75
-72
-70
-67
-64
-60
-56
-51
-47
-41
-36
-30
-24
-19
-13
-6
0
6
13
19
25
32
38
44
50
56
61
66
71
75
79
83
86
88
90
92
93
94
94
93
92
90
87
85
81
77
72
67
62
56
49
42
35
27
20
12
4
-4
-12
-20
-28
-36
-44
-52
-59
-67
-73
-80
-86
-91
-96
-100
-104
-106
-109
-110
-111
-111
-110
-108
-106
-103
-99
-94
-89
-82
-76
-68
-61
-52
-43
-34
-25
-15
-5
5
15
25
35
45
55
64
73
81
89
96
102
108
113
117
120
123
124
124
123
122
119
115
110
105
98
91
83
74
64
54
43
32
20
8
-4
-16
-28
-40
-52
-64
-75
-85
-95
-104
-112
-119
-126
-131
-136
-139
-141
-141
-141
-139
-135
-131
-125
-118
-111
-102
-92
-81
-69
-56
-43
-30
-16
-1
13
27
41
55
68
81
93
105
115
125
133
140
146
150
153
154
154
152
149
144
137
130
120
110
98
86
72
58
42
26
10
-6
-23
-40
-56
-72
-87
-101
-114
-126
-137
-147
-155
-162
-167
-170
-171
-171
-168
-163
-157
-149
-140
-128
-115
-101
-86
-70
-53
-34
-16
3
22
41
59
77
94
110
125
139
151
161
170
176
181
183
184
182
178
171
163
152
140
125
109
92
74
54
34
13
-8
-29
-50
-71
-91
-110
-128
-144
-159
-171
-182
-190
-196
-199
-200
-199
-194
-188
-178
-167
-153
-137
-119
-100
-79
-57
-34
-10
14
38
61
84
106
126
145
162
176
189
199
207
211
213
212
207
200
190
177
162
144
124
102
78
54
28
2
-25
-51
-76
-101
-125
-147
-167
-184
-199
-211
-220
-226
-229
-228
-224
-217
-206
-192
-175
-156
-133
-109
-83
-56
-27
1
30
59
87
114
140
163
183
201
217
228
236
241
241
238
231
220
206
188
167
143
117
89
59
28
-4
-35
-67
-97
-126
-154
-179
-201
-220
-235
-247
-254
-258
-257
-251
-242
-228
-210
-189
-164
-136
-106
-74
-41
-7
28
62
96
128
157
185
209
230
247
259
267
270
268
262
250
234
214
190
162
131
98
63
26
-11
-48
-85
-121
-154
-185
-212
-236
-256
-271
-280
-285
-285
-279
-267
-251
-230
-204
-175
-142
-106
-68
-28
12
53
92
130
166
198
227
252
271
286
294
298
295
286
272
252
226
197
163
125
85
43
0
-43
-86
-127
-166
-202
-234
-261
-283
-299
-309
-313
-310
-301
-286
-265
-237
-205
-169
-128
-85
-40
6
53
98
141
182
219
252
279
300
315
324
325
319
305
286
260
228
190
149
104
56
7
-42
-91
-138
-182
-223
-258
-288
-312
-329
-338
-340
-334
-320
-299
-271
-237
-197
-153
-105
-54
-2
51
103
152
198
240
276
306
329
344
351
350
340
323
297
264
225
180
131
78
23
-33
-89
-142
-192
-238
-278
-312
-338
-356
-365
-366
-357
-340
-314
-280
-239
-192
-140
-84
-26
33
92
148
201
249
291
325
352
369
377
376
365
344
314
276
231
179
123
63
1
-61
-122
-180
-234
-281
-322
-354
-377
-390
-393
-385
-367
-339
-302
-256
-204
-146
-83
-19
47
111
173
230
282
325
360
385
400
404
396
378
348
310
262
206
145
79
11
-58
-126
-190
-249
-302
-346
-381
-405
-417
-418
-406
-383
-349
-305
-251
-191
-124
-54
18
90
159
224
283
334
375
405
424
429
422
403
371
328
276
214
146
74
-1
-77
-150
-220
-283
-338
-382
-416
-436
-444
-438
-419
-386
-342
-287
-223
-152
-76
3
82
158
230
295
351
397
430
449
455
446
422
386
337
276
207
131
51
-32
-114
-192
-265
-329
-383
-425
-454
-468
-466
-449
-418
-373
-316
-248
-172
-89
-4
82
165
244
314
375
422
457
475
478
465
436
393
336
267
189
104
16
-74
-161
-244
-318
-381
-432
-468
-489
-492
-479
-449
-403
-343
-272
-190
-101
-9
84
174
259
335
399
449
484
501
501
483
447
396
330
252
165
72
-25
-121
-213
-298
-372
-433
-479
-507
-517
-508
-481
-436
-375
-300
-213
-119
-20
80
178
269
350
419
473
509
526
523
501
460
401
327
240
144
42
-62
-164
-260
-347
-421
-479
-518
-539
-538
-517
-476
-416
-340
-251
-152
-46
61
167
266
355
431
490
530
549
546
522
477
413
333
239
135
25
-86
-194
-295
-384
-458
-515
-550
-564
-555
-523
-470
-398
-309
-208
-98
17
131
240
339
425
494
542
569
572
551
507
442
358
259
149
32
-86
-202
-309
-404
-482
-540
-575
-586
-573
-535
-474
-393
-295
-184
-65
57
177
290
391
475
539
580
596
586
550
491
409
310
197
75
-51
-175
-292
-396
-484
-550
-593
-609
-598
-561
-498
-414
-311
-193
-67
63
190
309
415
502
567
606
618
602
558
489
398
288
164
33
-101
-230
-349
-453
-536
-594
-626
-628
-602
-547
-467
-365
-246
-115
21
157
287
403
500
574
621
639
627
585
515
421
306
176
38
-103
-240
-365
-474
-560
-619
-649
-648
-615
-552
-463
-351
-222
-81
64
206
338
454
549
616
654
659
632
574
487
375
245
102
-46
-193
-330
-451
-551
-623
-664
-672
-646
-588
-500
-387
-253
-107
45
195
336
460
561
634
674
680
651
589
496
377
238
87
-69
-222
-364
-488
-587
-655
-690
-689
-652
-581
-479
-352
-206
-49
111
265
406
526
618
678
702
688
638
554
439
302
147
-16
-178
-332
-468
-579
-660
-705
-712
-681
-613
-511
-381
-231
-67
101
264
413
539
636
698
722
706
651
560
438
292
128
-43
-213
-371
-508
-618
-694
-731
-727
-683
-599
-482
-338
-174
-1
174
339
485
604
689
735
739
701
622
508
364
199
22
-157
-327
-479
-603
-694
-744
-751
-715
-637
-522
-377
-209
-28
155
329
484
611
702
753
759
720
638
518
367
194
9
-177
-353
-509
-634
-722
-767
-767
-720
-630
-502
-343
-164
26
215
391
544
664
744
779
767
707
604
464
295
107
-87
-277
-450
-597
-706
-772
-791
-761
-684
-564
-409
-228
-32
166
354
520
655
748
794
791
738
638
497
325
131
-71
-269
-451
-604
-720
-790
-810
-778
-696
-570
-407
-217
-13
192
386
554
688
777
816
802
736
622
467
281
76
-134
-336
-516
-663
-768
-822
-821
-767
-662
-513
-330
-125
89
297
486
643
758
822
832
786
687
542
360
153
-64
-278
-474
-638
-759
-830
-844
-802
-704
-559
-375
-166
55
273
473
641
765
837
851
807
707
558
370
156
-69
-290
-492
-659
-782
-850
-859
-809
-702
-546
-351
-131
99
322
522
687
803
863
862
799
680
512
308
81
-152
-375
-572
-728
-833
-878
-861
-782
-646
-464
-248
-14
222
442
631
774
861
886
847
746
590
390
162
-78
-314
-527
-702
-826
-890
-888
-820
-693
-513
-296
-56
188
419
619
774
871
903
868
768
610
406
171
-77
-320
-540
-719
-845
-907
-901
-827
-690
-500
-273
-24
227
462
661
811
898
917
866
748
573
353
105
-151
-397
-612
-781
-889
-929
-897
-795
-632
-419
-173
87
341
568
751
876
932
915
826
672
465
220
-43
-302
-539
-733
-870
-938
-932
-851
-703
-499
-254
11
276
520
722
866
941
940
864
718
513
267
-2
-271
-519
-725
-873
-950
-950
-873
-724
-516
-266
7
280
529
736
883
957
953
870
714
500
243
-34
-309
-559
-763
-904
-970
-956
-861
-695
-470
-206
76
353
600
797
927
979
949
839
657
419
146
-141
-417
-657
-842
-956
-988
-937
-805
-605
-352
-68
221
493
722
889
980
987
908
751
528
259
-33
-323
-585
-797
-940
-1002
-976
-865
-678
-432
-147
151
436
684
871
982
1006
942
794
576
306
8
-291
-564
-788
-943
-1013
-994
-886
-699
-448
-157
148
441
694
885
997
1019
949
793
566
286
-20
-325
-601
-823
-970
-1030
-996
-871
-666
-400
-97
215
508
755
932
1025
1023
926
744
492
195
-121
-427
-693
-896
-1016
-1042
-970
-808
-571
-280
38
352
634
857
1000
1049
999
855
630
345
27
-294
-588
-827
-988
-1056
-1023
-893
-678
-398
-79
247
550
801
976
1057
1037
917
708
431
112
-219
-529
-789
-972
-1062
-1049
-935
-729
-453
-132
203
518
783
972
1066
1055
942
735
456
131
-207
-525
-792
-982
-1075
-1061
-943
-731
-446
-117
224
544
810
995
1081
1059
932
710
418
82
-262
-581
-841
-1018
-1092
-1056
-914
-680
-376
-34
313
627
879
1041
1098
1043
881
629
312
-37
-383
-691
-928
-1070
-1103
-1023
-837
-564
-234
122
465
761
978
1094
1096
985
771
476
132
-227
-563
-841
-1031
-1114
-1080
-934
-689
-371
-14
345
668
921
1077
1119
1044
857
579
239
-127
-480
-782
-1002
-1116
-1111
-987
-758
-447
-89
280
619
892
1070
1132
1072
897
625
285
-87
-450
-765
-997
-1122
-1125
-1006
-778
-464
-100
276
622
901
1081
1143
1079
897
617
268
-112
-479
-795
-1023
-1138
-1128
-994
-749
-421
-46
335
679
947
1111
1150
1062
855
552
186
-201
-566
-868
-1074
-1158
-1113
-943
-666
-313
75
455
784
1024
1149
1144
1008
758
420
35
-355
-705
-975
-1135
-1165
-1061
-836
-515
-134
262
629
924
1112
1173
1098
896
590
215
-185
-565
-879
-1092
-1179
-1128
-946
-654
-285
118
507
837
1070
1177
1146
981
699
336
-68
-465
-807
-1055
-1178
-1163
-1009
-736
-376
30
432
784
1042
1176
1171
1025
757
398
-10
-417
-774
-1039
-1180
-1180
-1037
-770
-409
1
411
773
1041
1183
1182
1038
767
403
-11
-424
-787
-1053
-1192
-1185
-1034
-756
-385
34
448
808
1069
1199
1181
1017
728
348
-75
-490
-844
-1095
-1210
-1175
-995
-691
-300
128
541
886
1121
1217
1160
957
635
232
-201
-609
-941
-1155
-1224
-1139
-910
-567
-151
284
684
997
1184
1221
1102
844
477
49
-386
-772
-1060
-1213
-1211
-1055
-763
-373
66
496
863
1119
1231
1184
984
657
245
-200
-620
-960
-1175
-1239
-1142
-896
-534
-102
344
745
1050
1217
1225
1073
780
384
-63
-503
-877
-1135
-1245
-1191
-980
-639
-214
240
663
998
1201
1244
1123
851
467
19
-432
-826
-1110
-1246
-1216
-1023
-693
-270
190
625
976
1196
1255
1145
880
496
45
-413
-816
-1109
-1252
-1225
-1032
-699
-270
195
635
988
1206
1260
1142
867
473
13
-448
-849
-1134
-1263
-1219
-1007
-656
-214
257
694
1035
1232
1259
1112
809
394
-76
-536
-923
-1181
-1275
-1191
-941
-559
-99
375
797
1108
1263
1241
1045
700
257
-223
-672
-1027
-1237
-1273
-1129
-824
-403
76
544
935
1194
1283
1189
925
529
57
-424
-845
-1145
-1282
-1235
-1011
-642
-180
308
752
1088
1267
1263
1077
735
286
-205
-667
-1033
-1249
-1284
-1133
-817
-381
110
585
976
1224
1293
1173
881
459
-30
-516
-926
-1201
-1299
-1206
-936
-527
-41
452
879
1175
1298
1229
976
579
95
-404
-843
-1157
-1299
-1248
-1010
-621
-140
363
812
1139
1296
1258
1031
649
168
-338
-794
-1131
-1297
-1268
-1047
-668
-187
322
783
1125
1296
1271
1052
672
189
-323
-786
-1130
-1301
-1274
-1052
-668
-182
332
796
1137
1304
1270
1040
649
158
-358
-820
-1155
-1312
-1265
-1023
-622
-124
393
850
1175
1316
1252
993
579
73
-444
-893
-1202
-1323
-1237
-956
-526
-12
504
940
1229
1324
1209
904
455
-66
-577
-998
-1261
-1324
-1177
-842
-374
154
657
1057
1287
1313
1128
763
275
-258
-749
-1121
-1313
-1295
-1069
-670
-164
369
843
1181
1328
1261
989
556
34
-495
-944
-1240
-1335
-1213
-894
-429
107
625
1041
1287
1323
1143
774
279
-263
-762
-1137
-1325
-1295
-1052
-636
-115
425
896
1218
1339
1239
933
471
-68
-597
-1027
-1287
-1333
-1157
-789
-288
260
766
1143
1330
1293
1041
613
82
-464
-932
-1243
-1346
-1223
-893
-413
137
664
1079
1312
1322
1109
707
185
-369
-861
-1207
-1348
-1259
-956
-490
60
600
1037
1297
1336
1145
757
239
-320
-825
-1188
-1348
-1275
-983
-521
31
577
1025
1294
1340
1154
768
247
-316
-826
-1192
-1351
-1275
-977
-509
48
597
1042
1304
1339
1138
738
208
-359
-863
-1217
-1356
-1257
-937
-451
114
659
1088
1325
1327
1094
667
121
-447
-936
-1259
-1358
-1216
-858
-346
227
760
1158
1348
1297
1014
548
-16
-577
-1036
-1308
-1346
-1142
-733
-191
386
893
1238
1360
1236
888
379
-200
-742
-1151
-1351
-1305
-1023
-554
16
583
1044
1314
1344
1128
706
154
-426
-929
-1262
-1364
-1215
-843
-316
270
805
1193
1360
1276
956
459
-123
-684
-1117
-1344
-1322
-1055
-591
-18
559
1032
1313
1348
1132
704
144
-443
-948
-1276
-1364
-1198
-806
-263
329
860
1229
1366
1246
891
367
-227
-778
-1183
-1363
-1286
-966
-462
130
697
1131
1351
1313
1025
541
-46
-625
-1085
-1338
-1335
-1077
-612
-31
557
1038
1320
1348
1116
669
93
-501
-999
-1305
-1359
-1150
-719
-149
450
962
1287
1363
1173
755
190
-412
-935
-1276
-1368
-1194
-786
-225
381
911
1263
1368
1204
804
245
-362
-899
-1258
-1371
-1213
-816
-259
350
890
1253
1369
1213
817
258
-352
-893
-1257
-1371
-1212
-812
-250
361
901
1261
1369
1203
796
229
-384
-920
-1272
-1369
-1191
-774
-201
412
943
1283
1364
1170
739
159
-454
-976
-1300
-1360
-1146
-698
-109
502
1011
1314
1350
1110
644
46
-562
-1056
-1334
-1339
-1070
-582
25
627
1101
1347
1317
1016
505
-110
-703
-1151
-1362
-1292
-955
-420
201
781
1199
1368
1253
877
319
-305
-867
-1248
-1370
-1206
-791
-210
414
952
1290
1359
1142
686
85
-533
-1040
-1329
-1338
-1066
-570
47
654
1122
1354
1299
969
434
-193
-780
-1201
-1369
-1245
-858
-288
343
901
1267
1363
1167
723
124
-502
-1021
-1322
-1340
-1071
-572
49
659
1128
1354
1289
946
399
-234
-818
-1225
-1367
-1215
-799
-211
422
964
1297
1348
1107
624
6
-614
-1101
-1348
-1301
-971
-429
207
797
1213
1363
1215
801
210
-427
-970
-1301
-1346
-1095
-603
21
641
1119
1350
1283
932
375
-266
-848
-1242
-1361
-1179
-735
-128
507
1030
1323
1321
1025
500
-137
-744
-1184
-1360
-1232
-828
-240
403
955
1292
1340
1085
587
-44
-665
-1137
-1352
-1263
-889
-314
332
902
1268
1347
1120
639
13
-616
-1106
-1345
-1277
-920
-353
295
874
1254
1348
1133
659
34
-599
-1095
-1341
-1279
-923
-356
293
874
1254
1345
1126
647
19
-614
-1105
-1341
-1268
-901
-325
325
900
1266
1338
1099
604
-32
-660
-1135
-1346
-1243
-850
-259
392
951
1288
1323
1048
527
-118
-735
-1180
-1348
-1199
-769
-157
491
1023
1314
1294
969
414
-238
-835
-1234
-1341
-1130
-652
-19
618
1108
1334
1243
856
264
-390
-952
-1287
-1314
-1028
-496
154
767
1196
1339
1159
702
75
-569
-1077
-1326
-1256
-884
-298
359
929
1274
1312
1032
502
-150
-765
-1195
-1336
-1153
-690
-59
585
1087
1324
1238
850
255
-403
-962
-1287
-1297
-990
-441
216
819
1222
1324
1101
608
-36
-670
-1140
-1329
-1191
-759
-141
513
1039
1308
1253
888
303
-358
-929
-1271
-1297
-1001
-457
201
808
1214
1318
1092
594
-53
-686
-1148
-1323
-1167
-720
-92
559
1069
1310
1222
827
224
-436
-986
-1288
-1265
-924
-350
313
896
1252
1291
1003
461
-198
-807
-1211
-1308
-1073
-566
86
715
1161
1312
1128
655
16
-628
-1112
-1311
-1175
-739
-113
541
1055
1299
1209
808
199
-461
-1003
-1286
-1238
-871
-280
384
948
1266
1257
922
348
-316
-898
-1248
-1273
-968
-412
251
848
1224
1281
1004
465
-196
-806
-1205
-1289
-1036
-513
145
764
1182
1290
1059
550
-104
-731
-1165
-1293
-1080
-583
68
700
1147
1291
1093
606
-42
-678
-1135
-1291
-1105
-625
20
660
1123
1287
1109
635
-9
-650
-1118
-1287
-1113
-641
2
644
1113
1283
1109
637
-6
-647
-1115
-1283
-1106
-631
13
653
1116
1278
1095
615
-31
-668
-1125
-1277
-1084
-596
52
686
1133
1272
1064
567
-85
-713
-1148
-1269
-1045
-535
120
742
1161
1261
1016
492
-166
-779
-1179
-1254
-985
-446
216
817
1193
1240
945
389
-275
-862
-1212
-1226
-901
-327
337
907
1225
1203
847
255
-407
-957
-1240
-1178
-788
-179
480
1004
1247
1142
717
92
-559
-1054
-1253
-1101
-641
-1
639
1098
1248
1047
551
-100
-723
-1142
-1239
-986
-455
204
805
1177
1216
910
346
-316
-888
-1209
-1186
-826
-232
428
965
1227
1139
726
105
-545
-1039
-1237
-1081
-616
25
658
1102
1230
1004
490
-165
-772
-1157
-1209
-914
-355
305
877
1195
1168
803
205
-451
-977
-1220
-1110
-678
-50
591
1061
1222
1027
533
-115
-731
-1133
-1205
-926
-377
282
857
1181
1160
798
203
-451
-974
-1210
-1092
-653
-23
613
1068
1209
993
484
-167
-769
-1144
-1181
-870
-302
355
906
1188
1118
716
102
-542
-1026
-1204
-1025
-541
103
716
1115
1181
894
341
-314
-875
-1175
-1123
-736
-128
517
1006
1193
1022
544
-98
-710
-1108
-1173
-885
-331
322
878
1168
1105
708
97
-543
-1019
-1186
-995
-502
142
743
1117
1152
836
266
-384
-917
-1171
-1069
-640
-17
610
1051
1170
930
406
-242
-816
-1140
-1115
-748
-152
490
980
1169
998
519
-119
-720
-1100
-1140
-829
-263
384
912
1156
1043
606
-18
-636
-1057
-1150
-886
-348
298
850
1138
1071
670
60
-568
-1019
-1152
-925
-410
233
802
1119
1086
712
115
-518
-988
-1148
-948
-450
188
767
1103
1092
736
148
-486
-967
-1142
-956
-469
166
748
1092
1090
742
159
-474
-957
-1135
-953
-468
165
745
1087
1082
732
148
-483
-959
-1129
-938
-448
185
758
1087
1067
705
116
-509
-971
-1121
-910
-407
226
786
1091
1045
661
64
-554
-992
-1110
-869
-347
287
826
1097
1012
598
-10
-614
-1019
-1093
-811
-266
365
876
1100
966
516
-103
-687
-1047
-1064
-734
-164
459
931
1096
902
411
-214
-769
-1071
-1020
-635
-40
566
985
1079
816
284
-342
-855
-1085
-956
-511
102
681
1033
1041
704
134
-481
-936
-1079
-864
-361
261
795
1064
976
563
-38
-626
-1005
-1047
-740
-185
430
901
1068
877
391
-226
-767
-1050
-979
-580
14
602
987
1038
738
189
-423
-892
-1060
-869
-384
230
765
1040
961
557
-37
-618
-988
-1023
-710
-156
450
902
1046
832
334
-277
-794
-1039
-929
-501
97
661
998
992
645
78
-517
-933
-1028
-771
-248
358
841
1033
868
404
-200
-734
-1014
-944
-548
37
608
967
991
670
117
-476
-904
-1018
-778
-268
334
819
1017
861
404
-193
-723
-1000
-928
-532
50
612
960
971
641
86
-498
-907
-998
-738
-219
375
837
1003
815
340
-254
-759
-996
-881
-455
130
669
970
927
555
-13
-576
-935
-961
-647
-104
475
885
978
723
211
-376
-829
-986
-791
-314
274
763
978
843
406
-176
-695
-964
-888
-493
78
619
938
918
568
14
-545
-907
-942
-638
-104
466
867
954
695
186
-391
-826
-961
-749
-265
314
777
958
790
334
-242
-730
-952
-827
-402
169
678
938
855
459
-104
-629
-923
-880
-515
38
576
901
895
560
20
-527
-880
-910
-604
-77
477
854
916
639
126
-432
-831
-922
-673
-175
386
804
922
698
215
-347
-780
-924
-724
-255
307
754
919
741
287
-274
-732
-917
-759
-319
240
708
910
771
343
-213
-689
-906
-783
-367
186
668
897
789
383
-167
-653
-893
-796
-399
147
637
885
798
409
-135
-627
-881
-801
-418
122
615
874
800
421
-117
-610
-871
-800
-425
111
603
864
795
421
-113
-603
-863
-792
-419
114
602
858
784
409
-123
-607
-857
-778
-400
131
610
853
767
385
-146
-619
-854
-758
-370
160
627
850
743
349
-181
-640
-850
-730
-328
201
651
846
712
300
-228
-667
-845
-694
-273
254
680
840
670
239
-286
-698
-837
-647
-205
316
713
828
617
164
-353
-731
-821
-588
-124
387
745
807
551
77
-427
-761
-795
-514
-31
463
773
775
470
-22
-504
-786
-755
-425
73
541
792
727
372
-131
-581
-799
-698
-319
187
616
799
660
258
-247
-653
-796
-621
-197
305
683
785
572
128
-367
-713
-772
-520
-59
424
735
749
459
-15
-483
-755
-721
-396
89
536
765
683
323
-167
-589
-772
-640
-249
242
633
766
585
167
-320
-675
-754
-526
-84
392
706
730
455
-6
-464
-731
-698
-379
94
528
743
652
293
-186
-589
-748
-599
-204
274
637
737
531
106
-362
-680
-717
-457
-9
441
708
680
369
-94
-518
-726
-632
-276
193
581
725
567
173
-293
-637
-714
-493
-67
385
675
682
402
-45
-473
-702
-637
-305
154
547
709
572
195
-263
-611
-701
-496
-82
364
655
669
400
-38
-459
-686
-623
-296
154
538
693
553
179
-271
-605
-682
-469
-58
376
649
645
366
-69
-473
-676
-589
-252
191
552
675
510
126
-311
-614
-654
-414
3
417
650
604
298
-136
-511
-665
-534
-173
260
581
649
437
37
-379
-631
-610
-326
98
478
649
539
196
-232
-559
-643
-448
-59
353
611
602
331
-84
-462
-638
-536
-201
220
544
629
439
57
-349
-602
-592
-323
86
456
625
518
185
-229
-542
-616
-420
-40
356
594
570
294
-111
-466
-616
-493
-154
252
545
596
383
1
-381
-594
-543
-253
149
483
601
452
103
-292
-556
-573
-335
51
413
589
502
191
-205
-509
-585
-400
-38
340
565
535
266
-122
-454
-583
-450
-116
268
531
554
327
-46
-398
-570
-486
-183
201
492
561
376
21
-342
-550
-510
-239
139
452
560
413
79
-290
-527
-524
-284
84
412
552
440
128
-242
-501
-531
-320
36
374
540
458
167
-200
-475
-532
-346
-3
340
526
470
198
-164
-450
-529
-365
-34
311
511
476
221
-135
-428
-524
-377
-58
286
497
477
237
-113
-410
-517
-384
-75
268
485
476
246
-98
-396
-509
-386
-84
255
474
471
248
-90
-385
-501
-383
-87
248
465
464
246
-87
-379
-492
-376
-84
246
459
455
237
-91
-377
-484
-364
-74
250
454
444
224
-101
-377
-476
-349
-59
257
451
430
205
-116
-382
-466
-330
-38
270
448
413
181
-136
-388
-455
-306
-13
286
446
393
153
-160
-396
-442
-278
18
304
443
369
119
-188
-404
-426
-244
53
324
438
340
80
-218
-411
-406
-206
92
344
429
307
37
-250
-416
-380
-162
133
362
415
267
-11
-282
-416
-348
-113
176
378
395
220
-62
-313
-411
-310
-58
219
389
368
167
-115
-340
-399
-263
0
262
394
333
108
-168
-361
-377
-209
60
299
389
288
45
-219
-375
-346
-148
122
330
374
234
-22
-266
-378
-304
-81
181
351
347
170
-90
-305
-369
-250
-8
236
361
307
100
-156
-334
-345
-186
65
282
357
253
24
-217
-349
-307
-112
137
316
336
187
-54
-268
-347
-253
-33
202
334
298
111
-130
-305
-327
-184
49
256
333
241
28
-199
-324
-287
-105
128
295
312
171
-57
-255
-323
-229
-19
198
313
269
88
-137
-292
-298
-153
68
253
308
206
-1
-207
-306
-250
-67
148
286
277
126
-89
-258
-294
-181
24
215
294
222
36
-168
-285
-256
-96
111
260
273
146
-56
-229
-283
-192
-3
186
278
225
57
-140
-264
-251
-109
88
238
263
152
-38
-207
-269
-191
-16
166
261
218
63
-125
-247
-240
-109
77
222
249
146
-33
-194
-253
-181
-15
157
246
205
57
-120
-234
-224
-98
78
211
233
131
-39
-188
-238
-163
-4
156
232
185
40
-125
-223
-204
-78
88
205
213
108
-53
-186
-220
-138
16
160
218
159
16
-135
-213
-179
-51
103
200
190
78
-74
-187
-199
-106
42
166
200
127
-14
-147
-200
-147
-16
122
193
160
41
-99
-185
-173
-68
71
171
177
88
-48
-158
-182
-109
22
138
179
123
0
-122
-178
-138
-25
100
169
146
44
-82
-162
-155
-64
60
149
157
79
-42
-139
-160
-96
20
123
157
105
-3
-110
-156
-117
-16
93
149
123
30
-79
-144
-130
-46
61
134
132
57
-48
-127
-135
-70
32
115
133
78
-20
-106
-133
-88
5
93
128
93
6
-83
-126
-99
-19
71
119
101
27
-62
-116
-105
-38
49
107
104
44
-41
-102
-106
-52
29
93
103
56
-22
-87
-103
-63
12
78
99
64
-6
-72
-98
-69
-3
63
92
69
8
-58
-90
-72
-15
49
84
71
18
-45
-81
-72
-24
37
75
70
25
-33
-72
-70
-29
26
65
66
30
-23
-62
-66
-34
17
56
62
33
-14
-53
-61
-35
9
47
56
33
-8
-45
-55
-35
4
38
50
32
-3
-36
-48
-33
0
31
43
30
0
-30
-42
-31
-3
24
36
27
2
-23
-35
-27
-5
18
29
22
3
-18
-28
-22
-5
13
22
18
3
-13
-21
-17
-5
9
16
13
3
-8
-14
-12
-4
4
9
7
2
-4
-7
-6
-3
1
2
2
0
-1
-1
-1
-2
-3
-5
-4
-1
3
6
5
0
-7
-11
-9
-2
7
12
10
0
-11
-18
-15
-3
11
19
15
1
-15
-24
-19
-3
16
26
20
1
-20
-31
-24
-2
21
32
24
0
-26
-38
-28
-1
27
39
28
-2
-32
-44
-31
1
33
45
30
-5
-39
-50
-32
6
41
52
31
-10
-46
-56
-33
11
48
57
30
-16
-55
-61
-31
18
58
62
28
-24
-64
-66
-29
26
66
65
24
-33
-72
-68
-23
37
75
67
17
-45
-81
-69
-14
49
83
67
8
-57
-89
-67
-4
62
90
63
-4
-71
-95
-62
9
76
96
57
-19
-84
-99
-54
25
89
98
46
-36
-97
-100
-41
43
102
98
32
-55
-110
-98
-25
63
113
93
14
-75
-120
-91
-6
84
121
83
-8
-96
-125
-78
19
104
125
67
-34
-115
-127
-59
45
122
122
45
-62
-132
-121
-35
74
137
114
19
-90
-144
-108
-5
102
145
97
-14
-117
-149
-87
30
128
147
72
-50
-142
-145
-58
66
149
138
38
-87
-159
-132
-21
103
163
119
-2
-123
-168
-107
22
137
166
89
-46
-154
-164
-71
68
164
156
48
-92
-175
-148
-26
113
180
132
-2
-136
-185
-117
27
153
182
94
-56
-171
-178
-71
82
183
167
42
-111
-194
-154
-15
135
198
133
-19
-160
-200
-112
48
178
193
83
-82
-196
-184
-53
112
206
166
17
-144
-214
-146
16
169
212
117
-55
-193
-207
-87
90
209
192
49
-127
-222
-174
-12
158
225
145
-31
-189
-225
-114
71
210
212
75
-114
-229
-196
-35
150
236
167
-13
-186
-239
-135
57
212
228
94
-104
-235
-212
-50
145
246
183
-1
-186
-250
-150
50
217
241
105
-102
-243
-225
-58
148
256
194
3
-192
-261
-158
51
226
251
109
-107
-253
-233
-57
157
267
199
-3
-204
-271
-158
61
239
258
104
-122
-267
-235
-46
174
278
196
-19
-223
-279
-149
81
257
260
88
-145
-282
-231
-24
199
289
184
-46
-247
-283
-129
112
277
255
60
-177
-297
-217
10
231
295
160
-85
-274
-279
-95
153
298
240
18
-218
-307
-189
58
266
293
121
-135
-301
-263
-46
202
313
210
-38
-261
-308
-145
117
300
278
65
-194
-322
-230
19
255
318
162
-106
-303
-293
-82
185
326
242
-9
-256
-328
-176
97
304
301
90
-185
-334
-254
1
256
334
181
-98
-311
-310
-95
186
339
257
-4
-264
-343
-185
101
317
313
91
-196
-349
-260
9
272
346
178
-114
-329
-316
-83
208
355
254
-25
-288
-352
-170
130
340
312
65
-229
-365
-245
45
305
351
150
-157
-356
-306
-42
252
369
227
-77
-328
-349
-126
186
368
290
7
-283
-374
-203
112
348
338
89
-224
-381
-269
33
312
370
166
-157
-371
-323
-47
263
387
235
-84
-346
-363
-123
204
387
294
-9
-307
-388
-193
139
373
340
64
-259
-400
-256
70
347
375
134
-204
-398
-309
1
311
398
199
-143
-384
-351
-66
266
408
256
-81
-361
-384
-131
217
408
306
-18
-330
-406
-190
163
399
347
43
-293
-419
-243
108
381
379
101
-251
-424
-290
53
358
404
156
-206
-420
-331
-1
329
420
205
-160
-411
-364
-52
298
431
250
-114
-397
-391
-101
263
436
290
-69
-379
-413
-146
228
436
324
-26
-359
-430
-187
193
432
353
15
-336
-442
-224
159
425
378
53
-313
-450
-257
126
415
399
87
-290
-455
-285
95
405
416
119
-268
-458
-311
66
394
430
147
-247
-459
-332
41
384
442
171
-228
-459
-350
18
374
451
192
-211
-459
-366
-1
365
459
210
-197
-458
-379
-17
358
465
224
-185
-458
-389
-29
353
471
236
-177
-459
-398
-39
349
475
244
-172
-460
-403
-44
349
480
249
-170
-463
-407
-46
351
483
250
-173
-467
-410
-44
355
486
249
-178
-471
-409
-38
362
488
243
-187
-477
-406
-28
372
489
235
-199
-483
-401
-14
384
490
223
-215
-491
-393
3
397
488
206
-235
-498
-382
25
413
485
186
-258
-505
-367
51
431
480
161
-283
-511
-349
81
449
472
131
-311
-516
-325
115
468
460
97
-342
-519
-297
153
485
443
58
-373
-518
-263
194
502
421
14
-406
-513
-224
238
516
394
-35
-437
-502
-178
284
526
359
-88
-468
-486
-127
331
531
317
-144
-495
-461
-69
378
530
268
-204
-518
-429
-5
422
520
211
-265
-534
-387
63
463
501
145
-326
-543
-335
135
499
471
73
-384
-541
-274
209
527
430
-6
-439
-528
-202
283
545
376
-90
-487
-501
-120
355
550
310
-176
-524
-459
-31
422
540
230
-263
-550
-402
64
479
514
140
-346
-559
-328
163
525
469
39
-423
-550
-240
260
554
405
-67
-488
-520
-138
354
563
323
-177
-536
-468
-26
437
550
223
-284
-565
-394
92
504
512
108
-384
-569
-298
212
552
448
-17
-469
-546
-184
326
573
358
-146
-534
-493
-54
427
564
245
-274
-573
-410
83
509
523
113
-390
-578
-300
221
563
448
-31
-486
-548
-166
351
583
341
-179
-555
-481
-16
461
563
206
-320
-587
-377
140
542
502
51
-442
-576
-241
291
585
401
-112
-535
-521
-81
425
583
263
-273
-587
-421
90
527
531
98
-416
-591
-280
260
586
430
-81
-526
-540
-110
410
593
286
-258
-590
-437
76
526
542
108
-415
-597
-286
261
592
433
-86
-535
-542
-101
423
597
275
-276
-599
-426
100
543
534
81
-441
-598
-258
296
604
409
-128
-559
-525
-55
461
592
228
-327
-611
-386
161
573
506
15
-490
-586
-192
362
613
350
-207
-592
-482
32
518
570
142
-406
-615
-307
258
606
444
-92
-552
-549
-84
451
606
250
-318
-619
-399
157
580
513
12
-501
-591
-183
380
621
336
-234
-607
-468
68
546
561
100
-447
-616
-263
312
622
403
-159
-588
-517
-8
508
591
170
-397
-628
-325
254
616
452
-99
-566
-552
-67
475
611
224
-355
-632
-370
208
608
486
-53
-548
-574
-110
449
622
261
-325
-634
-399
177
601
508
-23
-535
-588
-136
433
629
282
-308
-635
-415
161
598
519
-9
-531
-595
-146
428
632
289
-306
-637
-418
162
601
520
-13
-536
-595
-139
437
634
280
-318
-641
-408
179
610
510
-34
-549
-588
-115
457
631
255
-345
-645
-384
211
622
489
-72
-571
-573
-75
488
624
213
-385
-647
-344
260
636
454
-127
-597
-545
-16
527
607
153
-437
-644
-286
322
647
402
-198
-625
-503
61
570
577
74
-495
-629
-208
395
650
330
-282
-647
-441
154
612
528
-24
-556
-597
-110
474
637
235
-376
-655
-354
260
643
454
-139
-610
-540
9
550
601
117
-473
-642
-241
374
656
352
-266
-648
-453
146
614
533
-24
-561
-598
-101
486
638
218
-398
-659
-331
292
653
428
-182
-630
-514
63
582
578
54
-520
-628
-173
437
653
281
-345
-662
-384
239
646
470
-131
-615
-545
15
561
600
96
-496
-641
-208
412
659
309
-322
-662
-404
219
644
484
-115
-611
-554
5
558
604
101
-496
-643
-207
416
660
303
-331
-665
-394
234
649
472
-137
-621
-541
32
575
592
68
-520
-634
-170
449
656
262
-372
-668
-353
284
661
431
-194
-642
-503
97
607
559
-3
-564
-607
-94
505
640
185
-441
-662
-275
364
668
355
-285
-664
-431
199
645
495
-112
-617
-553
21
574
596
66
-526
-633
-154
467
655
236
-402
-669
-317
329
668
387
-254
-661
-455
173
639
511
-93
-612
-562
9
571
601
70
-527
-634
-151
472
654
225
-415
-669
-299
349
670
365
-283
-667
-428
210
651
482
-139
-631
-533
64
600
573
8
-566
-609
-82
521
635
151
-476
-656
-220
422
667
283
-368
-673
-346
306
669
400
-247
-662
-454
182
645
499
-120
-626
-541
54
597
575
8
-568
-607
-72
530
630
132
-492
-650
-192
447
662
247
-403
-671
-303
353
672
352
-304
-672
-401
250
662
442
-200
-653
-484
145
635
519
-94
-618
-552
40
593
579
11
-569
-605
-64
538
623
111
-509
-642
-161
473
653
206
-440
-665
-252
402
669
293
-366
-673
-335
325
671
370
-288
-670
-408
247
662
439
-208
-655
-471
167
643
497
-130
-632
-525
89
616
546
-53
-602
-569
14
582
586
21
-565
-604
-58
543
617
91
-524
-631
-125
501
640
156
-481
-650
-188
456
655
215
-435
-663
-245
411
665
270
-389
-670
-297
365
669
319
-344
-672
-344
320
669
363
-300
-669
-384
277
665
401
-258
-664
-420
235
659
434
-218
-657
-451
197
650
463
-180
-647
-478
161
641
488
-146
-637
-501
129
630
509
-116
-627
-520
99
620
526
-89
-617
-536
75
610
541
-65
-607
-548
53
601
552
-45
-598
-559
35
593
561
-29
-591
-566
21
586
567
-17
-585
-572
10
581
571
-8
-581
-575
4
577
574
-3
-578
-576
1
576
574
-3
-578
-576
2
576
573
-5
-579
-573
7
578
569
-12
-582
-568
15
582
564
-22
-586
-562
27
587
556
-36
-593
-553
43
595
546
-54
-600
-542
62
602
533
-75
-609
-528
86
611
518
-100
-618
-511
112
620
499
-129
-627
-491
142
630
477
-160
-636
-467
175
638
452
-195
-644
-439
212
646
422
-233
-651
-407
250
651
387
-273
-655
-370
292
655
348
-315
-657
-329
334
654
304
-358
-655
-282
378
650
255
-402
-648
-230
422
641
201
-446
-636
-174
466
626
141
-489
-617
-112
507
603
77
-529
-592
-45
546
574
9
-566
-558
25
581
536
-63
-598
-516
98
609
489
-138
-623
-465
174
631
434
-214
-641
-404
250
644
369
-289
-648
-334
325
646
295
-364
-645
-257
397
636
212
-434
-629
-170
465
614
123
-497
-600
-78
524
578
27
-553
-556
21
575
527
-72
-597
-497
121
612
461
-174
-627
-424
222
634
380
-273
-641
-337
319
639
287
-368
-637
-237
410
625
181
-454
-612
-127
491
590
67
-528
-567
-10
557
534
-53
-585
-500
112
604
458
-174
-622
-413
231
630
361
-291
-635
-308
345
631
247
-399
-623
-187
446
604
120
-493
-583
-55
530
551
-15
-565
-515
82
590
469
-153
-613
-420
219
624
362
-286
-630
-302
347
624
234
-407
-614
-166
458
591
91
-508
-563
-17
546
523
-61
-580
-478
135
603
422
-212
-619
-363
282
623
293
-352
-620
-222
413
602
143
-471
-578
-63
519
541
-21
-561
-497
101
589
439
-185
-611
-377
262
618
304
-339
-616
-228
405
599
143
-468
-573
-58
518
532
-32
-562
-483
118
590
420
-207
-610
-351
288
613
270
-367
-606
-186
434
581
94
-496
-546
-2
543
495
-94
-580
-435
184
601
360
-275
-610
-280
355
600
188
-430
-579
-95
491
538
-6
-544
-487
103
578
419
-201
-601
-342
291
603
251
-377
-592
-157
449
560
54
-512
-515
47
556
451
-152
-589
-377
249
599
287
-342
-594
-192
422
568
86
-492
-526
20
543
464
-129
-580
-390
230
594
298
-329
-592
-199
413
566
90
-486
-524
19
539
459
-133
-577
-381
238
590
285
-338
-585
-182
423
555
68
-496
-507
46
546
436
-162
-580
-351
268
586
248
-368
-573
-138
450
534
19
-517
-475
98
560
393
-215
-583
-298
320
577
186
-415
-550
-69
488
495
-55
-545
-422
174
573
326
-288
-578
-218
387
554
96
-471
-508
27
530
433
-153
-567
-342
269
574
230
-375
-556
-110
460
507
-20
-525
-436
146
561
340
-268
-572
-228
373
550
102
-462
-502
27
524
424
-159
-562
-327
279
565
208
-387
-541
-80
471
484
-55
-532
-403
185
560
295
-308
-560
-174
409
523
38
-491
-459
97
540
365
-229
-561
-251
345
544
119
-443
-498
17
511
417
-157
-551
-314
282
553
186
-395
-523
-51
478
455
-92
-534
-362
226
552
241
-349
-537
-107
445
482
-38
-514
-398
177
546
283
-308
-543
-152
413
499
6
-495
-423
137
537
314
-274
-544
-185
388
509
39
-476
-440
107
527
334
-248
-543
-207
367
513
61
-463
-449
87
519
346
-231
-540
-220
355
514
73
-454
-452
77
514
349
-224
-536
-222
350
512
74
-451
-449
77
511
345
-226
-533
-216
353
506
65
-453
-440
88
511
333
-237
-529
-201
362
498
47
-459
-426
107
513
313
-256
-524
-175
378
485
19
-470
-405
137
516
285
-283
-517
-141
400
466
-20
-483
-376
174
517
246
-316
-505
-96
425
441
-67
-495
-338
219
514
198
-355
-486
-42
450
406
-122
-506
-289
270
506
139
-394
-459
22
475
361
-184
-510
-229
324
488
69
-433
-419
94
493
302
-251
-504
-156
377
457
-11
-467
-365
172
501
229
-319
-485
-71
426
411
-98
-490
-295
253
495
142
-382
-448
24
465
346
-190
-498
-208
331
470
42
-437
-390
125
488
261
-282
-485
-104
400
421
-68
-475
-309
228
488
156
-365
-446
11
453
345
-181
-489
-205
325
460
36
-432
-377
134
481
243
-290
-472
-82
406
399
-94
-473
-278
253
475
118
-383
-419
54
459
303
-223
-478
-152
358
430
-24
-449
-327
193
475
176
-339
-441
-5
434
342
-170
-474
-199
318
444
26
-425
-356
147
468
214
-304
-449
-45
413
363
-134
-466
-228
289
449
56
-406
-369
121
461
233
-282
-450
-65
398
370
-115
-459
-238
275
447
66
-396
-371
111
454
235
-275
-446
-66
393
365
-115
-454
-232
276
440
59
-396
-360
120
450
221
-283
-437
-50
397
349
-133
-450
-209
290
428
33
-404
-339
146
447
191
-304
-421
-15
408
321
-166
-447
-171
316
408
-11
-416
-304
186
442
144
-335
-395
36
421
278
-213
-438
-116
350
376
-70
-428
-251
239
428
79
-370
-356
103
431
216
-270
-418
-42
385
327
-143
-434
-180
298
400
-3
-402
-296
182
428
134
-330
-379
48
413
256
-225
-422
-88
356
349
-100
-422
-212
265
405
33
-382
-314
150
422
159
-306
-384
23
399
267
-204
-418
-103
341
350
-85
-413
-217
253
400
38
-373
-311
145
414
155
-303
-376
28
394
257
-208
-409
-89
342
336
-99
-408
-197
264
387
15
-377
-288
167
406
125
-317
-354
60
396
224
-236
-394
-49
357
304
-139
-404
-152
294
361
-36
-387
-243
212
392
68
-344
-315
118
397
165
-281
-365
18
376
249
-200
-392
-80
333
315
-110
-394
-171
271
361
-16
-373
-250
194
386
77
-332
-313
109
388
164
-273
-357
19
369
239
-201
-381
-69
331
300
-121
-385
-151
278
345
-37
-371
-224
212
371
46
-339
-285
138
379
125
-293
-331
60
371
197
-234
-361
-18
346
258
-168
-375
-94
308
306
-96
-373
-164
258
341
-23
-357
-225
200
362
49
-329
-277
136
369
117
-289
-317
69
362
179
-240
-345
2
344
233
-185
-360
-64
315
278
-125
-364
-125
277
313
-64
-357
-181
232
337
-3
-340
-230
182
351
56
-314
-271
128
356
112
-281
-303
74
351
163
-241
-327
18
338
208
-198
-343
-35
317
248
-151
-350
-86
290
280
-103
-349
-133
258
305
-55
-342
-176
222
323
-7
-328
-214
184
335
39
-310
-247
143
340
82
-286
-274
102
340
123
-259
-296
61
334
160
-229
-312
20
324
193
-197
-323
-18
310
222
-164
-330
-55
292
246
-131
-333
-90
272
267
-97
-332
-122
250
284
-64
-327
-151
226
298
-32
-319
-178
201
307
-1
-309
-201
176
314
28
-297
-222
150
318
55
-283
-240
125
319
80
-268
-255
101
319
104
-252
-268
77
315
125
-236
-278
55
311
144
-219
-286
34
306
162
-203
-293
13
299
177
-187
-298
-5
292
191
-171
-300
-22
285
203
-156
-303
-39
276
213
-142
-304
-52
269
222
-128
-304
-66
260
229
-116
-303
-77
253
235
-105
-302
-87
245
240
-95
-300
-96
238
244
-85
-299
-104
232
247
-77
-296
-109
226
250
-70
-294
-114
221
251
-65
-292
-119
217
252
-60
-290
-121
213
252
-57
-288
-123
210
251
-55
-286
-123
208
251
-54
-285
-123
207
249
-54
-283
-121
206
247
-55
-281
-119
207
244
-58
-280
-115
208
241
-61
-279
-111
209
238
-65
-277
-105
212
233
-71
-277
-99
214
228
-77
-275
-92
218
223
-83
-273
-83
221
216
-92
-272
-74
225
208
-100
-269
-63
229
200
-110
-267
-52
234
191
-120
-263
-39
238
181
-130
-259
-26
242
169
-142
-255
-12
246
157
-153
-249
3
249
143
-165
-242
19
251
128
-176
-234
36
253
112
-187
-224
53
254
95
-198
-213
71
253
76
-209
-201
89
251
57
-218
-186
107
247
36
-227
-170
125
241
14
-234
-152
143
234
-8
-239
-132
161
224
-31
-242
-111
177
211
-55
-244
-88
191
197
-78
-243
-63
205
180
-102
-239
-37
215
160
-124
-232
-10
224
138
-146
-223
17
230
113
-166
-209
45
233
87
-184
-193
72
232
58
-200
-173
99
228
29
-212
-150
125
220
-2
-222
-125
149
207
-33
-227
-96
171
191
-64
-227
-65
189
170
-94
-224
-32
204
145
-123
-215
1
214
117
-149
-201
35
219
85
-172
-182
69
218
51
-191
-159
101
213
16
-205
-130
131
201
-20
-213
-99
157
183
-57
-215
-63
179
160
-91
-211
-26
195
132
-124
-200
12
205
98
-152
-183
51
208
62
-176
-159
87
204
23
-193
-129
121
192
-17
-203
-94
150
174
-57
-205
-55
174
147
-95
-199
-14
190
115
-129
-185
28
198
77
-158
-163
68
198
36
-179
-133
106
188
-7
-193
-97
139
170
-49
-197
-56
165
142
-90
-191
-13
183
108
-126
-176
32
190
67
-156
-151
74
188
24
-176
-118
113
175
-22
-187
-78
145
152
-66
-188
-34
168
120
-106
-176
13
181
80
-140
-154
59
182
35
-166
-122
100
172
-12
-179
-82
135
150
-58
-181
-36
161
118
-101
-170
12
174
76
-136
-147
59
176
30
-161
-113
101
163
-19
-174
-71
136
139
-66
-174
-23
160
103
-108
-159
26
170
59
-141
-131
73
166
10
-163
-93
114
148
-40
-169
-46
145
117
-86
-162
4
161
75
-125
-139
54
164
27
-151
-104
98
150
-24
-164
-58
133
123
-72
-159
-8
154
83
-114
-140
43
159
34
-144
-106
89
148
-17
-158
-61
126
121
-67
-155
-10
148
81
-110
-136
42
154
32
-140
-102
88
143
-20
-153
-56
125
114
-70
-149
-4
145
72
-112
-128
48
149
22
-139
-90
94
134
-31
-149
-42
127
101
-80
-141
11
144
57
-118
-114
62
142
4
-140
-72
104
120
-48
-144
-21
132
82
-94
-128
32
141
33
-127
-94
80
130
-20
-140
-47
117
100
-71
-134
6
135
55
-110
-108
58
133
3
-133
-66
101
111
-50
-135
-14
127
71
-95
-116
39
132
20
-124
-79
86
117
-33
-133
-29
118
82
-81
-120
25
129
33
-116
-87
74
119
-21
-129
-39
110
88
-71
-121
15
125
41
-108
-91
65
118
-13
-126
-45
103
90
-63
-119
8
122
45
-102
-92
59
117
-9
-122
-47
98
89
-60
-117
6
118
45
-99
-90
57
114
-8
-118
-45
97
86
-59
-114
7
115
41
-98
-86
58
110
-11
-115
-40
96
81
-62
-109
12
112
35
-99
-79
62
104
-18
-113
-32
97
73
-67
-103
21
110
25
-100
-70
68
98
-28
-110
-21
99
63
-74
-95
31
107
13
-102
-58
76
89
-39
-106
-7
101
48
-82
-85
44
101
-2
-103
-42
84
76
-52
-100
9
102
32
-89
-71
57
93
-20
-103
-25
90
60
-67
-90
27
99
13
-95
-53
71
81
-39
-98
-4
95
41
-79
-75
46
92
-10
-97
-31
83
64
-57
-89
19
94
18
-88
-55
64
80
-33
-94
-7
89
42
-74
-73
42
88
-8
-93
-31
78
61
-55
-84
19
90
15
-85
-51
63
74
-34
-89
-3
86
35
-73
-66
45
82
-13
-88
-23
78
52
-58
-77
26
85
6
-84
-40
66
64
-42
-82
8
84
23
-75
-54
53
73
-25
-84
-9
78
38
-65
-64
38
77
-10
-82
-24
71
50
-53
-71
24
79
5
-78
-36
63
59
-41
-76
10
78
18
-72
-47
53
65
-29
-77
-1
75
28
-65
-55
43
69
-18
-77
-12
70
37
-57
-60
33
71
-8
-75
-22
65
44
-50
-64
24
71
1
-72
-29
60
50
-42
-66
16
71
8
-69
-35
53
53
-36
-68
9
69
15
-65
-40
49
56
-29
-68
3
67
20
-61
-43
43
58
-24
-67
-2
65
24
-58
-46
39
58
-20
-67
-6
62
27
-54
-47
35
58
-16
-65
-9
60
28
-52
-48
32
58
-14
-64
-11
58
30
-49
-48
30
57
-12
-63
-12
56
30
-48
-48
29
56
-11
-61
-12
55
30
-46
-47
28
55
-11
-60
-12
54
28
-45
-46
28
53
-11
-58
-10
53
27
-45
-44
28
52
-12
-57
-9
52
25
-45
-41
29
49
-14
-56
-6
52
22
-46
-39
31
47
-16
-54
-3
51
18
-46
-35
33
44
-19
-52
0
51
15
-47
-31
35
41
-22
-50
5
50
10
-48
-27
37
37
-26
-47
9
49
6
-48
-22
39
33
-30
-44
13
47
0
-48
-17
41
29
-33
-40
18
44
-6
-48
-11
42
23
-36
-35
24
41
-12
-46
-5
43
17
-39
-30
28
37
-18
-44
2
43
10
-41
-24
32
33
-23
-41
9
42
2
-43
-17
35
26
-29
-37
16
40
-5
-43
-10
38
19
-33
-31
22
36
-12
-41
-1
39
12
-37
-24
27
31
-20
-38
7
39
4
-38
-16
32
24
-26
-34
14
36
-5
-39
-8
34
17
-31
-27
21
32
-14
-37
1
36
8
-35
-20
27
26
-21
-33
10
34
-1
-36
-11
31
18
-27
-28
18
31
-10
-35
-2
33
9
-32
-20
24
25
-18
-31
8
32
0
-33
-11
28
17
-25
-26
16
28
-10
-33
-1
31
8
-30
-18
23
23
-18
-29
9
30
-2
-32
-9
27
14
-25
-23
17
25
-11
-30
2
29
5
-29
-14
23
19
-20
-25
11
27
-5
-29
-4
26
10
-25
-18
19
21
-15
-27
6
26
0
-28
-9
24
13
-22
-20
15
23
-10
-27
1
25
3
-26
-12
21
16
-18
-22
11
23
-7
-26
-2
24
6
-24
-14
18
17
-15
-22
8
23
-4
-25
-4
22
8
-22
-15
16
17
-13
-22
6
22
-2
-24
-6
21
9
-20
-16
14
17
-11
-22
4
21
-1
-23
-7
19
9
-18
-16
13
17
-10
-21
4
20
0
-22
-7
18
9
-17
-15
12
16
-10
-20
3
19
0
-21
-7
17
9
-17
-14
12
15
-10
-19
3
18
-1
-20
-5
17
8
-16
-13
11
14
-10
-18
4
17
-2
-19
-4
16
6
-16
-12
12
12
-10
-16
5
16
-3
-18
-2
16
4
-16
-10
12
11
-11
-15
6
15
-5
-17
-1
15
2
-16
-8
12
8
-12
-13
8
13
-6
-16
1
14
0
-16
-5
13
6
-13
-10
9
11
-8
-14
3
13
-2
-15
-3
13
3
-14
-8
10
9
-10
-12
6
11
-5
-14
0
12
1
-14
-5
11
6
-11
-9
8
10
-7
-12
3
11
-2
-14
-2
11
3
-12
-7
9
7
-9
-10
5
9
-5
-12
1
10
-1
-12
-4
10
4
-11
-7
7
7
-7
-10
4
9
-4
-12
0
10
1
-11
-4
8
4
-9
-8
6
7
-6
-10
3
9
-3
-11
-1
9
1
-10
-5
7
4
-8
-7
5
7
-6
-9
3
8
-2
-10
-1
8
1
-10
-4
7
3
-8
-7
5
6
-5
-8
3
7
-2
-9
-1
7
0
-9
-4
6
3
-7
-6
5
5
-5
-8
2
6
-3
-8
0
7
0
-8
-3
6
2
-7
-5
5
4
-6
-7
3
5
-3
-7
1
6
-1
-8
-2
6
1
-7
-4
5
3
-6
-5
3
4
-4
-6
1
5
-2
-7
-1
5
0
-7
-2
5
2
-6
-4
4
3
-5
-6
2
4
-3
-6
1
5
-2
-6
-1
4
0
-6
-3
4
2
-5
-4
3
3
-4
-5
1
3
-3
-6
0
4
-1
-6
-1
4
0
-5
-2
3
1
-5
-4
2
2
-4
-5
1
3
-3
-5
0
3
-2
-5
-1
3
0
-5
-2
3
1
-4
-3
2
1
-4
-4
2
2
-3
-4
0
3
-2
-5
-1
2
-1
-4
-1
3
0
-4
-2
2
1
-4
-3
1
1
-3
-3
1
2
-2
-4
0
2
-1
-4
-1
2
-1
-4
-2
2
0
-4
-2
2
1
-3
-3
1
1
-3
-3
0
1
-2
-3
0
1
-2
-3
-1
2
-1
-3
-1
1
0
-3
-2
1
0
-3
-2
1
1
-2
-2
0
1
-2
-3
0
1
-1
-3
-1
1
-1
-3
-1
1
-1
-3
-1
1
0
-3
-2
1
0
-3
-2
0
0
-2
-2
0
1
-1
-2
0
1
-1
-2
-1
1
-1
-3
-1
0
-1
-2
-1
0
0
-2
-2
0
0
-2
-2
0
0
-2
-2
0
0
-2
-2
0
0
-1
-2
-1
0
-1
-2
-1
0
-1
-2
-1
0
-1
-2
-1
0
-1
-2
-2
0
0
-2
-1
0
0
-1
-1
0
0
-2
-2
-1
0
-1
-2
-1
0
-1
-2
-1
0
-1
-2
-1
0
-1
-2
-1
0
-1
-2
-1
0
-1
-1
-1
0
0
-1
-1
-1
-1
-2
-2
-1
-1
-1
-1
0
0
-1
-1
-1
0
-1
-1
-1
0
-1
-2
-1
0
-1
-1
-1
-1
-1
-1
-1
-1
-1
-1
-1
0
-1
-1
-1
0
-1
-1
-1
-1
-1
-1
-1
-1
-1
-1
-1
-1
-1
-1
-1
-1
-1
-1
-1
-1
-1
-1
-1
-1
-1
-1
-1
-1
-1
-1
-1
-1
-1
-1
-1
-1
-1
-1
-1
-1
0
-1
-1
-1
-1
-1
-1
-1
-1
-1
-1
-1
-1
-1
-1
-1
-1
-1
-1
-1
-1
-1
-1
-1
-1
-1
-1
-1
-1
-1
-1
-1
-1
-1
-1
-1
-1
-1
-1
-1
-1
-1
-1
-1
-1
-1
-1
-1
-1
-1
-1
-1
-1
-1
-1
-1
-1
-1
-1
-1
-1
-1
-1
-1
-1
-1
-1
-1
-1
-1
-1
-1
-1
-1
-1
-1
-1
-1
-1
-1
-1
-1
-1
-1
-1
-1
-1
-1
-1
-1
-1
-1
-1
-1
-1
-1
-1
-1
-1
-1
-1
-1
-1
-1
-1
-1
-1
-1
-1
-1
-1
-1
-1
-1
-1
-1
-1
-1
-1
-1
-1
-1
-1
-1
-1
-1
-1
-1
-1
-1
-1
-1
-1
-1
-1
-1
-1
-1
-1
-1
-1
-1
-1
-1
-1
-1
-1
-1
