1016
1016
1016
1016
1016
1016
1016
1016
1016
1016
1016
1016
1016
1016
1016
1016
1016
1016
1016
1016
1016
1016
1015
1015
1015
1015
1015
1015
1014
1014
1014
1013
1013
1012
1012
1011
1011
1010
1010
1009
1008
1007
1006
1005
1004
1003
1002
1001
999
998
997
995
993
991
989
987
985
983
981
978
976
973
970
967
964
960
957
953
949
945
941
937
932
928
923
918
913
907
901
896
890
883
877
870
863
856
848
841
833
824
816
807
798
789
779
770
759
749
738
727
716
705
693
681
668
656
643
629
616
602
587
573
558
543
527
512
496
479
462
445
428
410
393
374
356
337
318
299
279
259
239
219
198
177
156
134
113
91
69
47
24
2
-21
-44
-67
-90
-114
-137
-161
-184
-208
-231
-255
-279
-303
-326
-350
-374
-397
-421
-444
-467
-490
-513
-536
-558
-581
-603
-624
-646
-667
-688
-708
-728
-748
-767
-785
-804
-821
-838
-855
-871
-886
-901
-915
-928
-941
-953
-964
-975
-984
-993
-1001
-1008
-1014
-1020
-1024
-1027
-1030
-1031
-1032
-1031
-1030
-1027
-1024
-1019
-1013
-1006
-998
-989
-979
-968
-955
-942
-927
-912
-895
-877
-858
-838
-817
-794
-771
-747
-722
-695
-668
-640
-610
-580
-549
-517
-485
-451
-417
-382
-347
-311
-274
-237
-199
-161
-123
-84
-45
-5
34
74
113
153
192
232
271
310
348
386
424
461
498
533
568
602
636
668
699
729
758
786
813
838
861
884
904
923
941
957
971
983
993
1002
1008
1013
1016
1016
1015
1011
1006
998
989
977
963
948
930
910
888
864
838
810
781
749
716
681
644
606
566
525
482
438
393
347
300
252
204
154
104
54
3
-48
-99
-150
-200
-251
-301
-350
-399
-446
-493
-539
-583
-626
-667
-707
-745
-781
-815
-847
-877
-904
-929
-952
-972
-989
-1003
-1015
-1023
-1029
-1032
-1031
-1028
-1021
-1012
-999
-984
-965
-943
-919
-891
-861
-828
-792
-754
-713
-669
-624
-576
-526
-475
-422
-367
-311
-254
-195
-136
-77
-17
44
104
164
223
282
340
397
453
507
559
610
658
704
747
788
826
861
893
921
946
967
985
998
1008
1014
1016
1014
1008
998
983
965
943
916
886
853
815
774
730
682
632
578
522
464
403
341
277
211
144
77
9
-59
-128
-195
-263
-329
-394
-457
-518
-577
-634
-688
-738
-786
-830
-870
-906
-938
-965
-988
-1006
-1020
-1028
-1032
-1030
-1024
-1012
-995
-973
-947
-915
-879
-838
-793
-744
-691
-634
-574
-511
-444
-376
-305
-233
-159
-84
-9
66
142
216
290
362
432
499
565
627
685
740
791
837
878
915
946
971
991
1006
1014
1016
1012
1002
987
965
937
903
864
819
770
715
656
592
525
454
380
304
225
145
64
-18
-100
-181
-262
-341
-418
-493
-564
-632
-696
-756
-810
-860
-903
-941
-973
-998
-1016
-1027
-1032
-1029
-1019
-1003
-979
-948
-911
-867
-817
-761
-700
-634
-563
-487
-409
-327
-243
-156
-69
19
107
194
280
364
446
524
598
667
732
791
844
891
930
963
988
1005
1014
1016
1009
994
971
940
902
856
803
744
678
606
530
449
364
275
185
92
-2
-95
-189
-280
-370
-457
-540
-618
-692
-760
-821
-875
-922
-961
-992
-1014
-1028
-1032
-1027
-1013
-990
-958
-918
-869
-813
-749
-678
-601
-518
-431
-339
-244
-147
-48
51
149
247
342
434
522
605
682
753
817
872
920
958
987
1006
1015
1015
1004
983
952
911
862
803
736
662
581
493
401
304
203
101
-3
-108
-211
-312
-411
-505
-594
-677
-753
-821
-881
-932
-972
-1003
-1023
-1031
-1029
-1016
-991
-956
-910
-854
-789
-715
-634
-545
-449
-349
-245
-138
-30
80
188
294
397
495
588
674
752
821
881
931
970
997
1012
1016
1007
987
954
910
855
789
713
629
537
438
334
225
114
0
-113
-226
-336
-442
-542
-637
-723
-801
-868
-925
-971
-1004
-1024
-1032
-1026
-1007
-976
-932
-875
-808
-730
-642
-546
-443
-334
-220
-103
15
133
249
362
470
571
666
751
826
889
941
979
1004
1016
1013
996
965
920
863
793
712
620
520
412
298
180
58
-64
-186
-305
-421
-530
-632
-725
-808
-879
-938
-983
-1013
-1029
-1030
-1016
-987
-943
-885
-814
-731
-636
-532
-421
-302
-179
-54
73
199
321
439
549
652
744
825
893
946
985
1009
1016
1007
983
942
886
816
733
638
532
418
296
169
40
-91
-220
-346
-467
-580
-684
-777
-858
-924
-975
-1010
-1029
-1030
-1014
-982
-933
-868
-788
-695
-590
-476
-353
-224
-91
44
177
308
433
551
659
756
839
908
961
996
1014
1014
995
959
905
835
750
651
540
419
290
156
18
-120
-256
-388
-513
-629
-734
-825
-901
-961
-1003
-1027
-1031
-1016
-983
-931
-861
-776
-675
-562
-438
-306
-168
-27
115
255
390
517
634
739
829
903
960
997
1015
1012
990
948
886
807
712
602
479
347
208
64
-82
-226
-366
-499
-622
-732
-828
-907
-968
-1009
-1029
-1029
-1007
-964
-902
-821
-722
-609
-483
-346
-203
-55
94
241
383
517
639
748
841
916
971
1004
1016
1006
974
920
846
753
643
519
384
239
89
-63
-215
-362
-501
-629
-744
-842
-921
-980
-1017
-1032
-1023
-991
-936
-861
-766
-653
-526
-386
-238
-84
72
226
375
515
643
756
851
926
979
1009
1015
997
955
890
804
698
575
438
290
135
-24
-182
-337
-483
-618
-739
-842
-924
-984
-1020
-1032
-1018
-979
-916
-831
-725
-601
-462
-312
-153
8
170
327
476
613
735
837
918
976
1009
1015
996
950
880
787
674
542
396
240
77
-89
-252
-409
-556
-689
-804
-897
-968
-1013
-1031
-1023
-987
-925
-838
-729
-601
-456
-300
-135
33
201
363
514
652
772
871
946
994
1015
1008
973
911
823
712
580
433
273
104
-67
-237
-401
-553
-691
-809
-905
-975
-1018
-1032
-1017
-972
-901
-803
-682
-542
-387
-220
-47
128
298
460
608
739
847
931
987
1014
1011
977
914
824
709
573
419
252
78
-100
-275
-442
-596
-732
-847
-936
-997
-1028
-1028
-997
-935
-845
-729
-591
-435
-265
-87
93
270
439
594
731
844
931
988
1015
1009
971
901
804
680
534
371
196
14
-169
-347
-514
-665
-795
-899
-975
-1020
-1031
-1010
-956
-871
-757
-619
-461
-288
-106
80
264
438
598
738
853
939
994
1016
1003
957
878
769
634
477
304
119
-69
-256
-434
-598
-742
-861
-951
-1008
-1031
-1019
-972
-892
-781
-643
-483
-306
-118
73
262
441
605
747
863
949
1000
1016
996
940
850
730
583
415
232
40
-154
-343
-520
-678
-813
-918
-991
-1027
-1027
-989
-916
-810
-673
-513
-333
-142
55
249
434
603
749
867
953
1003
1016
990
926
828
698
541
364
172
-27
-225
-415
-589
-742
-867
-959
-1015
-1032
-1010
-949
-852
-722
-565
-386
-192
9
209
402
578
732
857
948
1002
1016
989
924
821
686
523
339
141
-63
-265
-457
-632
-781
-899
-982
-1025
-1028
-989
-911
-796
-649
-475
-283
-79
128
329
517
683
821
926
991
1016
998
939
841
707
543
356
154
-55
-262
-459
-637
-788
-907
-988
-1028
-1025
-978
-890
-765
-608
-425
-223
-13
198
400
585
744
872
961
1009
1012
972
889
767
611
428
226
14
-200
-405
-593
-756
-885
-976
-1024
-1028
-986
-901
-776
-616
-430
-224
-9
206
412
600
760
886
971
1013
1008
957
863
728
561
367
156
-63
-279
-483
-665
-817
-933
-1005
-1032
-1011
-944
-833
-684
-504
-300
-82
139
353
551
723
860
957
1008
1012
967
876
743
575
379
164
-59
-280
-488
-673
-827
-941
-1010
-1032
-1004
-927
-807
-647
-457
-244
-20
205
419
613
777
903
983
1016
998
930
816
662
474
262
37
-191
-409
-608
-777
-908
-994
-1031
-1016
-951
-838
-683
-494
-281
-54
176
397
597
767
897
982
1016
997
927
809
650
456
238
7
-224
-445
-643
-808
-932
-1008
-1032
-1002
-921
-792
-622
-419
-195
39
271
488
680
835
945
1006
1012
965
865
719
535
321
89
-148
-377
-587
-766
-904
-994
-1031
-1012
-940
-816
-649
-446
-220
18
255
478
674
833
946
1006
1011
960
856
703
512
291
54
-187
-418
-627
-801
-931
-1009
-1031
-997
-906
-765
-582
-366
-129
114
351
567
751
892
982
1016
991
910
776
597
383
146
-99
-339
-560
-750
-897
-992
-1031
-1010
-932
-799
-620
-406
-168
80
322
545
736
884
979
1016
993
910
774
591
372
131
-118
-362
-584
-772
-914
-1003
-1032
-999
-907
-761
-570
-344
-99
153
395
613
793
925
1000
1014
965
858
697
493
259
7
-245
-483
-691
-858
-973
-1027
-1019
-948
-819
-640
-421
-176
80
330
559
753
899
989
1016
979
879
724
522
287
33
-224
-467
-681
-853
-971
-1027
-1019
-946
-813
-628
-403
-153
106
359
588
778
918
999
1014
963
848
678
464
218
-42
-300
-540
-744
-901
-999
-1032
-997
-898
-739
-532
-291
-30
232
478
692
860
970
1015
992
902
751
549
309
49
-216
-467
-687
-862
-979
-1030
-1012
-926
-777
-577
-337
-75
192
446
668
845
963
1014
996
908
757
554
311
47
-222
-476
-697
-871
-985
-1031
-1006
-911
-753
-542
-295
-27
243
495
712
878
982
1016
978
870
700
479
224
-48
-317
-564
-772
-925
-1013
-1029
-971
-845
-658
-425
-161
114
380
619
812
946
1011
1002
919
770
563
315
43
-233
-493
-717
-889
-997
-1032
-991
-879
-701
-473
-210
68
341
588
791
934
1008
1006
928
780
573
323
48
-232
-495
-721
-894
-1000
-1031
-985
-866
-681
-444
-175
107
381
625
821
954
1013
995
900
735
513
250
-32
-312
-569
-783
-937
-1020
-1024
-949
-801
-591
-336
-55
229
496
723
893
993
1014
955
821
621
371
92
-195
-468
-705
-886
-998
-1031
-984
-858
-665
-419
-140
149
426
669
857
976
1016
974
853
662
417
138
-154
-433
-678
-869
-991
-1032
-990
-868
-675
-428
-147
146
426
671
861
979
1016
969
841
643
391
106
-189
-468
-710
-893
-1003
-1030
-972
-834
-626
-366
-77
219
496
730
903
999
1010
936
782
560
291
-3
-299
-569
-792
-949
-1025
-1015
-919
-745
-507
-227
72
364
625
831
966
1016
978
855
658
402
111
-190
-476
-721
-904
-1010
-1028
-957
-803
-580
-306
-6
294
567
791
944
1013
992
883
695
445
155
-150
-442
-696
-889
-1004
-1030
-964
-814
-591
-316
-13
290
567
793
946
1014
989
875
681
424
129
-180
-472
-723
-909
-1013
-1025
-945
-779
-543
-258
51
354
624
837
971
1016
967
827
611
337
31
-278
-563
-796
-956
-1029
-1006
-890
-692
-430
-128
185
480
729
910
1004
1004
908
726
475
178
-137
-440
-701
-898
-1010
-1027
-947
-777
-535
-242
74
382
652
860
985
1014
946
785
549
259
-58
-369
-646
-861
-994
-1031
-969
-814
-580
-291
26
340
620
839
976
1016
956
801
567
277
-42
-358
-639
-858
-993
-1031
-968
-810
-572
-278
43
359
638
854
983
1014
943
776
531
232
-91
-406
-681
-889
-1008
-1026
-942
-763
-508
-202
124
436
704
899
1003
1003
901
706
438
124
-203
-511
-767
-945
-1027
-1005
-880
-665
-382
-61
266
565
805
961
1016
965
814
576
278
-50
-374
-659
-877
-1004
-1027
-943
-761
-500
-187
145
461
728
917
1009
994
872
658
372
47
-285
-587
-828
-982
-1032
-972
-810
-562
-255
80
404
685
892
1002
1003
896
691
410
85
-251
-560
-810
-973
-1032
-979
-821
-574
-265
72
400
684
892
1002
1002
891
681
395
65
-273
-582
-828
-984
-1031
-966
-795
-536
-219
122
448
724
919
1011
989
856
626
326
-12
-350
-649
-877
-1007
-1025
-928
-728
-446
-115
228
545
800
963
1016
953
781
519
198
-148
-477
-754
-945
-1029
-996
-850
-608
-297
48
386
680
894
1004
998
876
651
350
8
-336
-643
-876
-1008
-1024
-921
-713
-422
-82
266
583
830
979
1013
927
731
449
112
-239
-563
-821
-984
-1031
-957
-771
-494
-160
193
522
788
960
1016
950
770
497
164
-191
-523
-794
-971
-1032
-970
-792
-520
-186
170
504
777
955
1016
953
774
500
164
-194
-528
-800
-975
-1032
-964
-779
-500
-160
199
532
799
967
1015
938
743
456
112
-247
-577
-837
-994
-1028
-937
-729
-432
-82
277
601
849
991
1007
897
673
364
8
-350
-665
-898
-1019
-1012
-879
-636
-313
48
402
705
917
1013
978
819
554
217
-148
-495
-781
-968
-1032
-965
-776
-488
-138
228
565
827
983
1011
907
686
374
14
-350
-670
-903
-1021
-1007
-864
-609
-275
93
448
744
942
1016
956
770
481
129
-242
-582
-847
-1001
-1025
-914
-684
-364
2
368
684
908
1011
979
816
543
197
-177
-528
-810
-985
-1030
-937
-721
-408
-42
329
655
892
1008
987
832
564
219
-158
-514
-801
-982
-1030
-940
-723
-409
-40
334
661
897
1009
983
821
546
195
-184
-539
-821
-992
-1027
-922
-691
-366
9
382
701
922
1014
965
782
488
125
-256
-603
-867
-1011
-1016
-880
-622
-278
104
470
770
960
1015
926
706
385
9
-370
-698
-928
-1029
-985
-803
-508
-142
243
593
857
999
997
852
585
232
-154
-520
-813
-990
-1027
-918
-678
-341
43
420
736
945
1016
940
727
407
27
-358
-692
-927
-1029
-983
-794
-492
-118
271
620
878
1006
986
821
534
167
-225
-585
-861
-1011
-1014
-869
-596
-237
156
526
816
985
1006
878
618
265
-129
-505
-807
-990
-1027
-911
-661
-313
80
461
772
966
1013
908
665
321
-73
-457
-774
-975
-1030
-931
-692
-349
45
432
752
957
1015
918
680
337
-58
-446
-768
-973
-1030
-932
-691
-346
51
439
759
961
1014
910
664
315
-85
-472
-788
-984
-1028
-914
-660
-304
98
483
793
977
1009
882
616
252
-152
-534
-833
-1004
-1018
-874
-594
-221
185
561
847
999
992
827
530
148
-259
-626
-895
-1024
-992
-803
-488
-96
310
666
914
1015
953
737
402
2
-401
-740
-962
-1031
-936
-691
-336
72
467
786
976
1008
876
600
226
-186
-569
-862
-1015
-1005
-833
-526
-135
277
643
903
1014
958
744
406
1
-406
-748
-968
-1030
-925
-668
-302
112
507
817
990
999
841
542
152
-264
-639
-908
-1028
-978
-767
-428
-20
390
735
955
1014
902
638
265
-154
-548
-852
-1014
-1006
-831
-516
-116
302
669
921
1016
938
699
341
-77
-483
-809
-998
-1019
-868
-570
-176
247
626
897
1014
955
731
381
-36
-449
-786
-989
-1023
-883
-591
-199
226
611
890
1013
959
738
387
-32
-447
-786
-990
-1023
-879
-583
-187
240
625
899
1014
951
719
360
-63
-477
-809
-1000
-1016
-855
-545
-139
290
666
923
1016
928
674
299
-131
-539
-852
-1016
-1000
-808
-473
-55
372
731
958
1012
884
597
200
-233
-627
-909
-1029
-966
-730
-364
66
483
812
993
993
812
482
64
-368
-734
-969
-1029
-903
-615
-216
221
617
898
1015
944
700
326
-110
-527
-848
-1016
-998
-799
-454
-27
404
759
973
1006
851
538
124
-315
-697
-952
-1031
-921
-640
-243
199
602
892
1014
946
699
320
-120
-539
-859
-1020
-991
-777
-419
16
447
793
988
995
814
477
49
-391
-758
-983
-1023
-872
-556
-136
308
692
944
1014
890
595
185
-263
-661
-935
-1032
-933
-656
-255
193
603
896
1015
938
678
287
-161
-580
-889
-1028
-969
-725
-341
106
532
854
1008
965
733
357
-90
-522
-853
-1020
-989
-767
-396
51
486
825
1001
979
763
396
-50
-488
-832
-1014
-997
-786
-421
26
466
813
997
983
772
406
-41
-483
-830
-1013
-997
-784
-416
33
475
820
1000
979
760
387
-64
-505
-846
-1019
-989
-761
-383
72
510
845
1007
965
726
339
-118
-553
-878
-1027
-968
-715
-319
142
571
884
1014
937
667
259
-203
-626
-922
-1032
-932
-642
-223
241
654
931
1015
889
578
146
-317
-717
-971
-1025
-870
-536
-93
368
751
977
999
812
454
0
-455
-818
-1012
-997
-775
-393
69
516
853
1010
954
696
291
-177
-610
-916
-1032
-932
-637
-210
260
674
944
1013
866
534
88
-379
-767
-995
-1012
-817
-449
12
470
826
1004
967
722
321
-151
-592
-908
-1031
-936
-641
-211
264
680
948
1011
855
513
58
-411
-792
-1005
-1002
-785
-399
72
526
864
1013
940
662
238
-240
-667
-951
-1029
-885
-549
-95
378
767
987
989
772
385
-89
-545
-883
-1029
-951
-665
-234
247
671
946
1011
850
500
37
-436
-814
-1014
-990
-749
-343
138
586
903
1016
902
585
135
-346
-752
-992
-1012
-807
-423
55
518
863
1013
934
643
205
-280
-705
-972
-1022
-843
-476
-2
470
835
1008
952
678
248
-240
-675
-959
-1026
-862
-504
-32
446
820
1005
959
692
265
-225
-665
-955
-1027
-866
-507
-34
446
821
1006
957
686
255
-237
-676
-961
-1025
-854
-487
-9
470
838
1010
945
660
219
-275
-707
-976
-1019
-827
-443
43
517
868
1015
922
611
155
-339
-756
-997
-1005
-779
-372
122
585
908
1016
882
537
64
-426
-818
-1018
-978
-708
-273
226
670
952
1007
819
435
-55
-534
-887
-1031
-930
-609
-144
354
765
991
978
728
301
-200
-655
-954
-1026
-853
-475
15
499
862
1014
920
601
134
-367
-781
-1008
-992
-737
-305
199
653
947
1008
821
433
-64
-546
-898
-1032
-915
-577
-99
402
802
1003
957
673
222
-286
-725
-988
-1010
-784
-367
139
609
926
1013
847
469
-27
-518
-883
-1031
-925
-590
-111
394
799
1003
956
668
211
-300
-739
-995
-1004
-763
-333
178
643
945
1007
815
416
-90
-576
-918
-1031
-886
-520
-24
476
854
1014
916
583
101
-409
-818
-1020
-966
-668
-202
313
747
989
977
713
265
-252
-707
-984
-1011
-781
-353
164
636
944
1007
809
402
-111
-598
-933
-1029
-862
-475
33
531
890
1016
878
510
8
-498
-877
-1031
-919
-570
-75
438
835
1012
924
592
104
-413
-825
-1023
-956
-640
-159
362
786
1002
953
652
177
-347
-781
-1012
-979
-689
-220
305
748
991
971
691
226
-301
-750
-1003
-991
-719
-258
270
724
984
979
712
252
-277
-734
-997
-997
-731
-273
257
716
981
981
716
256
-275
-734
-998
-996
-727
-265
267
724
985
977
703
237
-295
-750
-1004
-988
-706
-235
298
748
993
966
674
196
-338
-781
-1014
-972
-667
-182
351
786
1004
945
625
131
-401
-825
-1025
-945
-608
-106
424
835
1013
911
554
43
-483
-877
-1031
-902
-526
-5
514
890
1016
858
459
-69
-581
-933
-1028
-838
-417
118
618
944
1004
781
337
-203
-689
-984
-1005
-747
-281
262
729
989
969
674
186
-356
-800
-1020
-955
-623
-116
421
837
1014
902
531
8
-520
-903
-1031
-869
-462
75
588
931
1007
794
352
-194
-686
-984
-1004
-738
-263
285
749
996
956
638
135
-409
-838
-1028
-925
-557
-30
503
888
1015
847
431
-111
-624
-959
-1018
-784
-325
226
710
985
971
673
177
-374
-817
-1025
-936
-577
-50
488
882
1016
850
433
-114
-629
-962
-1016
-773
-305
250
729
992
960
643
134
-417
-847
-1030
-911
-525
15
547
916
1011
804
356
-200
-699
-992
-994
-701
-203
354
803
1011
914
543
7
-534
-917
-1029
-835
-393
164
670
973
981
693
194
-366
-818
-1026
-928
-553
-13
529
908
1012
807
356
-205
-707
-997
-987
-681
-171
389
829
1015
890
492
-58
-593
-950
-1019
-781
-306
260
744
998
945
601
70
-485
-894
-1031
-854
-418
145
661
971
981
686
178
-388
-837
-1030
-907
-507
47
585
939
1001
750
265
-305
-783
-1021
-944
-576
-32
520
908
1011
796
331
-240
-738
-1009
-967
-626
-91
470
882
1015
828
379
-192
-705
-999
-982
-658
-130
436
863
1016
846
407
-163
-684
-992
-989
-675
-151
419
854
1016
853
418
-154
-678
-990
-990
-677
-152
420
856
1016
850
410
-163
-687
-994
-986
-665
-133
439
867
1016
836
385
-192
-710
-1002
-975
-636
-95
474
888
1014
809
341
-240
-746
-1013
-956
-591
-38
526
916
1007
769
278
-305
-792
-1025
-926
-528
39
591
948
993
712
195
-388
-847
-1031
-881
-444
135
668
979
967
634
91
-485
-904
-1029
-817
-339
249
752
1004
923
534
-34
-593
-959
-1010
-730
-210
377
837
1016
856
409
-177
-707
-1004
-969
-615
-58
516
915
1007
759
256
-336
-818
-1029
-899
-470
114
657
977
967
629
78
-503
-917
-1025
-791
-293
301
792
1012
889
462
-123
-670
-992
-982
-642
-87
495
907
1008
765
259
-338
-822
-1030
-890
-449
142
682
987
953
591
24
-553
-945
-1016
-742
-216
381
845
1016
837
367
-231
-753
-1019
-936
-535
49
613
963
979
654
101
-490
-914
-1025
-784
-274
328
814
1015
862
406
-193
-728
-1013
-948
-557
26
597
958
982
661
106
-488
-915
-1025
-779
-263
342
825
1016
848
380
-224
-752
-1020
-931
-518
75
638
975
965
612
41
-548
-946
-1013
-725
-183
421
873
1014
792
287
-323
-821
-1031
-877
-414
193
729
1003
917
502
-95
-661
-994
-975
-610
-30
558
944
989
678
121
-483
-916
-1023
-766
-237
375
849
1016
814
316
-299
-809
-1030
-882
-419
192
732
1004
911
485
-120
-684
-1003
-961
-574
19
602
964
973
625
47
-551
-952
-1008
-700
-139
470
904
1006
737
196
-420
-885
-1029
-799
-279
341
833
1016
824
326
-295
-810
-1030
-874
-398
221
756
1010
888
435
-181
-734
-1018
-928
-498
114
681
993
933
525
-82
-661
-997
-966
-578
22
611
970
965
597
3
-595
-973
-991
-642
-55
550
946
985
652
71
-539
-950
-1007
-689
-115
499
923
997
692
124
-495
-929
-1016
-723
-159
462
905
1004
719
160
-464
-914
-1021
-744
-187
438
894
1007
735
180
-447
-906
-1024
-754
-199
428
890
1008
739
184
-445
-906
-1023
-752
-195
433
893
1007
731
172
-457
-913
-1021
-739
-176
453
904
1003
713
144
-483
-927
-1016
-715
-140
486
921
996
682
101
-523
-947
-1006
-677
-88
532
943
983
638
41
-576
-970
-990
-626
-20
590
967
963
578
-36
-639
-995
-964
-558
64
658
990
930
502
-128
-710
-1016
-925
-472
164
732
1008
883
406
-234
-786
-1029
-869
-367
277
809
1016
818
291
-354
-862
-1030
-792
-242
402
882
1008
729
156
-483
-932
-1012
-691
-97
533
947
978
615
2
-615
-989
-968
-563
66
666
994
920
472
-169
-745
-1024
-894
-406
243
791
1016
827
301
-350
-863
-1030
-782
-221
427
898
1002
696
104
-534
-958
-996
-631
-13
607
977
946
525
-113
-709
-1018
-914
-440
211
773
1015
838
315
-341
-860
-1030
-779
-212
439
907
998
676
72
-565
-973
-982
-590
43
655
993
918
460
-192
-767
-1029
-867
-349
310
838
1015
767
198
-457
-926
-1012
-681
-69
568
966
957
546
-96
-701
-1017
-911
-428
232
791
1016
812
265
-397
-896
-1022
-722
-123
526
950
971
581
-58
-675
-1011
-925
-451
209
778
1016
821
275
-390
-893
-1022
-722
-118
532
953
967
567
-77
-692
-1016
-912
-423
243
802
1016
794
230
-436
-919
-1013
-678
-56
586
975
943
504
-154
-750
-1027
-868
-339
332
857
1011
727
126
-532
-964
-985
-585
64
682
1003
887
385
-287
-838
-1031
-781
-196
470
930
983
606
-36
-667
-1011
-920
-432
240
805
1016
782
203
-467
-937
-1002
-633
9
644
994
907
419
-255
-821
-1032
-793
-211
461
927
983
604
-44
-676
-1015
-910
-409
269
826
1015
753
156
-514
-960
-986
-580
80
700
1008
866
337
-345
-877
-1024
-721
-100
561
970
944
496
-177
-775
-1031
-831
-265
416
908
992
629
-18
-661
-1012
-914
-411
273
831
1014
738
129
-542
-974
-971
-536
136
744
1014
824
260
-425
-922
-1007
-642
10
654
999
890
374
-314
-863
-1026
-728
-103
565
973
937
472
-211
-801
-1032
-797
-203
480
941
970
554
-118
-740
-1028
-850
-288
402
906
991
620
-38
-683
-1019
-891
-359
334
871
1004
673
29
-632
-1006
-921
-416
277
839
1011
714
83
-589
-994
-943
-460
232
813
1015
743
124
-556
-983
-957
-492
199
793
1016
763
152
-533
-975
-966
-511
178
781
1016
774
167
-522
-970
-970
-520
170
777
1016
776
169
-521
-971
-969
-516
175
781
1016
770
159
-532
-975
-964
-502
193
793
1016
756
135
-553
-984
-953
-476
223
813
1014
731
98
-585
-995
-937
-437
266
839
1010
697
49
-627
-1008
-912
-386
321
871
1002
651
-14
-677
-1020
-879
-321
386
906
987
592
-90
-734
-1029
-834
-243
462
941
964
519
-179
-795
-1032
-776
-149
545
973
928
431
-278
-857
-1025
-701
-42
634
999
877
326
-387
-916
-1004
-609
79
724
1014
807
204
-503
-969
-966
-497
211
812
1014
716
65
-622
-1008
-906
-364
352
892
992
602
-87
-738
-1030
-821
-212
497
958
944
462
-251
-845
-1026
-706
-42
639
1002
866
299
-420
-935
-992
-562
142
772
1016
753
113
-587
-1000
-921
-388
334
886
994
604
-90
-744
-1031
-808
-187
524
969
928
419
-303
-877
-1018
-653
34
701
1013
814
203
-513
-976
-954
-456
266
851
1005
650
-36
-708
-1027
-834
-224
495
960
938
438
-287
-871
-1019
-656
35
704
1013
806
186
-532
-984
-942
-426
302
873
997
610
-91
-750
-1031
-792
-153
559
983
902
357
-374
-919
-998
-572
143
781
1015
727
62
-639
-1016
-877
-292
439
940
956
476
-252
-855
-1022
-668
26
703
1014
798
167
-554
-994
-925
-382
353
903
982
549
-172
-808
-1030
-722
-45
652
1007
835
226
-505
-978
-947
-428
310
882
991
580
-137
-787
-1031
-742
-69
636
1004
844
239
-495
-975
-949
-430
310
884
990
573
-148
-796
-1031
-728
-47
655
1008
827
207
-527
-987
-932
-389
354
907
977
527
-205
-833
-1025
-680
22
708
1015
781
129
-596
-1008
-890
-304
440
946
946
438
-306
-892
-1008
-591
136
787
1014
696
3
-696
-1028
-815
-171
561
988
883
301
-446
-959
-962
-454
294
880
990
564
-169
-815
-1028
-692
12
705
1015
774
111
-615
-1015
-871
-261
485
966
920
373
-380
-932
-984
-507
240
853
999
600
-129
-792
-1030
-713
-12
691
1014
782
119
-612
-1015
-869
-254
496
970
911
351
-406
-945
-972
-472
282
878
989
554
-189
-832
-1024
-658
64
747
1016
722
27
-687
-1028
-808
-147
590
998
852
232
-521
-991
-918
-343
418
943
943
417
-344
-919
-989
-516
239
857
996
578
-165
-821
-1026
-665
61
749
1016
713
9
-705
-1030
-786
-108
626
1007
821
172
-577
-1008
-880
-264
496
973
902
321
-445
-965
-949
-405
363
922
959
453
-312
-906
-995
-528
232
857
995
568
-184
-837
-1021
-634
107
783
1013
665
-63
-760
-1031
-723
-9
705
1016
746
48
-682
-1029
-796
-115
627
1008
811
148
-603
-1016
-854
-210
550
991
863
237
-528
-997
-900
-293
477
970
903
315
-459
-974
-935
-364
411
946
933
380
-396
-949
-961
-425
352
921
956
435
-341
-925
-980
-474
301
898
972
479
-295
-903
-994
-513
260
878
983
513
-259
-885
-1003
-542
228
862
990
538
-232
-871
-1008
-563
206
851
994
554
-215
-862
-1011
-574
194
845
996
561
-208
-859
-1012
-577
192
844
996
559
-211
-862
-1011
-571
201
849
994
549
-224
-870
-1008
-556
219
860
989
530
-247
-883
-1002
-532
247
876
982
502
-280
-901
-992
-500
285
896
970
464
-323
-922
-978
-457
332
918
953
416
-374
-946
-958
-403
388
943
930
357
-434
-971
-931
-339
452
967
899
287
-502
-994
-895
-263
522
989
857
205
-575
-1014
-848
-176
597
1006
804
112
-652
-1027
-787
-77
676
1015
736
7
-731
-1032
-713
33
755
1014
654
-108
-809
-1024
-622
153
830
998
554
-231
-881
-999
-514
280
899
965
437
-362
-945
-956
-388
412
956
910
303
-495
-994
-890
-245
545
997
832
152
-626
-1025
-799
-87
674
1016
728
-12
-750
-1031
-681
83
792
1007
597
-187
-860
-1007
-536
261
892
967
438
-366
-949
-949
-366
440
968
891
256
-542
-1009
-854
-173
611
1010
776
54
-707
-1032
-719
37
765
1011
622
-161
-848
-1010
-546
255
892
966
431
-379
-956
-940
-339
470
979
869
209
-587
-1020
-816
-105
668
1016
719
-35
-772
-1028
-641
145
835
993
520
-287
-917
-973
-419
395
955
905
278
-530
-1008
-852
-161
627
1013
751
7
-746
-1030
-665
118
821
997
534
-275
-913
-975
-421
397
957
901
265
-545
-1012
-838
-133
652
1015
724
-36
-777
-1026
-623
175
856
983
474
-344
-946
-946
-343
476
983
853
169
-629
-1027
-769
-20
737
1014
632
-163
-858
-1004
-506
313
925
934
333
-488
-999
-868
-179
620
1013
743
-13
-767
-1027
-626
177
860
979
456
-369
-959
-929
-300
520
996
818
101
-687
-1032
-708
74
802
1001
540
-279
-921
-965
-383
446
977
863
178
-629
-1028
-757
6
760
1010
591
-222
-894
-983
-430
401
963
885
219
-597
-1024
-781
-27
740
1013
611
-200
-884
-988
-444
389
960
889
224
-595
-1024
-779
-22
744
1012
602
-213
-892
-983
-425
411
968
875
194
-622
-1028
-754
18
773
1007
563
-262
-917
-964
-372
465
985
841
128
-676
-1032
-701
94
821
992
492
-345
-954
-928
-283
547
1004
780
25
-752
-1028
-616
205
884
960
384
-457
-995
-866
-156
653
1016
686
-114
-842
-1005
-493
348
948
900
235
-594
-1025
-766
9
772
1005
549
-286
-932
-949
-325
515
999
796
45
-742
-1028
-618
209
888
955
364
-482
-1003
-843
-111
692
1016
638
-182
-883
-984
-414
434
979
846
126
-686
-1032
-673
143
856
974
416
-434
-991
-869
-153
663
1016
663
-154
-870
-990
-431
421
976
850
130
-686
-1032
-668
154
863
969
396
-457
-998
-851
-118
692
1015
627
-203
-897
-972
-375
478
993
809
56
-742
-1028
-601
240
908
936
304
-547
-1020
-785
-5
772
1003
526
-326
-955
-919
-243
598
1013
712
-96
-842
-1001
-461
398
971
855
131
-691
-1031
-650
185
884
953
344
-514
-1014
-803
-30
759
1006
534
-321
-954
-917
-235
608
1015
695
-123
-860
-991
-424
439
985
824
72
-738
-1027
-591
261
921
919
256
-596
-1028
-732
81
831
981
424
-442
-997
-845
-93
720
1012
573
-282
-941
-930
-258
594
1014
700
-123
-863
-988
-408
460
991
804
31
-769
-1021
-542
322
949
885
177
-665
-1032
-659
185
889
945
311
-553
-1023
-757
52
818
985
433
-440
-999
-838
-75
738
1008
540
-326
-961
-902
-192
652
1016
634
-216
-914
-951
-300
565
1012
714
-111
-861
-987
-397
478
997
781
-13
-804
-1011
-483
394
976
836
77
-744
-1025
-558
313
949
880
159
-686
-1031
-623
239
918
916
232
-629
-1031
-678
170
887
943
296
-576
-1027
-725
109
856
963
352
-527
-1020
-763
55
826
979
399
-483
-1012
-794
8
799
990
438
-446
-1003
-819
-30
775
997
469
-415
-995
-838
-61
756
1002
493
-391
-988
-852
-84
741
1005
510
-374
-983
-861
-99
732
1007
520
-364
-980
-865
-106
728
1008
523
-362
-980
-866
-105
729
1007
519
-367
-982
-861
-96
736
1006
509
-379
-986
-853
-79
748
1003
492
-399
-992
-839
-55
765
998
467
-425
-1000
-821
-22
787
991
435
-459
-1009
-796
18
812
981
395
-499
-1018
-765
66
841
967
347
-544
-1025
-727
122
872
948
291
-595
-1030
-681
185
903
922
226
-649
-1032
-626
255
934
888
152
-707
-1028
-562
331
963
846
70
-766
-1016
-487
412
987
793
-21
-825
-996
-402
498
1006
728
-120
-881
-965
-306
585
1015
651
-225
-933
-921
-199
672
1014
560
-335
-976
-862
-82
756
999
456
-449
-1009
-787
44
835
967
337
-563
-1028
-695
176
904
917
205
-673
-1030
-585
313
960
846
62
-777
-1012
-457
452
998
753
-91
-870
-970
-312
586
1016
638
-250
-946
-902
-152
713
1007
500
-409
-1001
-807
20
825
970
341
-565
-1029
-683
199
917
901
164
-710
-1026
-532
378
982
798
-27
-837
-987
-357
551
1014
662
-224
-938
-909
-161
710
1007
494
-421
-1005
-792
49
844
958
298
-607
-1032
-636
264
945
863
81
-772
-1011
-444
473
1004
722
-148
-905
-940
-224
666
1013
538
-377
-995
-816
15
827
966
318
-593
-1031
-642
260
946
860
72
-781
-1007
-424
497
1009
696
-187
-925
-919
-173
708
1007
481
-442
-1012
-765
98
875
933
225
-673
-1029
-553
368
982
789
-55
-860
-969
-293
617
1016
578
-339
-985
-831
-3
821
967
313
-603
-1032
-620
294
960
832
14
-822
-989
-349
571
1016
618
-295
-972
-854
-40
801
976
339
-584
-1031
-634
280
957
837
18
-821
-989
-344
578
1016
606
-312
-979
-840
-12
820
965
304
-617
-1032
-596
328
973
803
-41
-858
-967
-278
636
1015
541
-390
-1002
-786
80
872
930
205
-698
-1025
-502
434
1001
724
-165
-922
-914
-147
737
997
415
-522
-1027
-678
234
943
854
41
-813
-990
-341
588
1016
583
-348
-992
-808
51
860
938
218
-692
-1025
-500
441
1003
711
-189
-935
-898
-108
767
986
364
-573
-1031
-622
308
970
803
-52
-870
-956
-237
677
1009
477
-467
-1021
-713
195
930
867
58
-807
-991
-337
598
1016
561
-380
-1003
-776
107
892
908
141
-754
-1010
-409
536
1015
618
-315
-985
-817
45
862
932
196
-716
-1019
-454
495
1012
652
-276
-973
-839
10
844
944
224
-696
-1023
-474
477
1010
664
-262
-969
-845
2
841
946
225
-697
-1022
-470
483
1011
656
-275
-974
-835
22
853
937
200
-717
-1018
-441
513
1014
626
-313
-987
-808
68
878
916
148
-756
-1007
-387
565
1016
573
-377
-1005
-761
142
914
880
69
-809
-985
-305
636
1013
495
-464
-1023
-691
240
954
823
-38
-873
-947
-195
721
996
387
-569
-1032
-592
363
991
739
-172
-938
-883
-55
814
958
248
-688
-1023
-460
503
1014
621
-329
-994
-786
112
904
887
77
-809
-984
-292
652
1010
464
-502
-1028
-647
302
976
774
-124
-919
-902
-88
797
965
265
-678
-1024
-462
505
1014
610
-346
-1000
-767
146
921
865
27
-842
-964
-229
704
999
391
-575
-1032
-570
397
1000
698
-239
-968
-834
44
875
911
121
-786
-992
-311
643
1010
459
-513
-1030
-624
338
988
738
-186
-949
-861
-1
853
928
156
-764
-999
-336
625
1012
475
-501
-1029
-630
334
987
737
-190
-952
-855
12
861
920
134
-781
-992
-306
652
1008
438
-539
-1031
-590
383
999
695
-251
-975
-815
83
898
884
54
-833
-964
-219
720
992
347
-623
-1029
-498
483
1014
606
-366
-1008
-731
211
952
810
-85
-909
-903
-73
818
948
197
-743
-1004
-346
624
1011
457
-527
-1031
-590
390
1002
680
-278
-986
-788
133
923
851
-17
-877
-931
-128
786
964
239
-715
-1012
-376
602
1013
475
-513
-1031
-596
386
1002
676
-287
-990
-777
153
933
835
-50
-896
-912
-84
816
946
184
-758
-997
-311
659
1005
402
-585
-1031
-517
474
1014
595
-390
-1016
-695
271
976
756
-182
-956
-838
61
896
879
27
-858
-942
-146
781
963
230
-728
-1006
-341
638
1008
418
-575
-1031
-520
476
1014
585
-406
-1020
-674
302
985
727
-229
-975
-803
124
925
841
-50
-901
-903
-54
839
926
124
-804
-974
-224
732
983
289
-688
-1016
-382
609
1011
441
-558
-1032
-526
475
1014
576
-421
-1023
-653
334
994
694
-279
-992
-761
192
954
793
-137
-943
-850
52
897
872
2
-878
-921
-84
826
933
134
-801
-972
-213
744
976
259
-716
-1007
-334
655
1003
374
-624
-1026
-444
561
1015
479
-528
-1032
-543
465
1014
573
-432
-1025
-631
368
1002
656
-336
-1008
-708
273
981
727
-242
-984
-775
181
953
789
-152
-952
-831
93
919
841
-66
-916
-879
10
881
883
14
-877
-917
-67
841
918
88
-836
-948
-138
800
945
156
-795
-972
-203
758
967
217
-754
-991
-261
718
983
273
-714
-1005
-313
680
995
321
-677
-1015
-359
644
1003
364
-643
-1022
-399
611
1009
401
-612
-1026
-432
583
1012
431
-585
-1029
-460
558
1015
456
-563
-1031
-483
538
1016
476
-545
-1031
-500
522
1016
490
-532
-1032
-511
511
1016
500
-523
-1032
-518
505
1016
504
-520
-1032
-520
504
1016
503
-522
-1032
-516
509
1016
497
-528
-1032
-508
518
1016
486
-540
-1031
-494
532
1016
470
-556
-1031
-476
551
1015
449
-577
-1029
-451
574
1012
422
-603
-1026
-422
601
1009
389
-632
-1022
-386
633
1003
350
-665
-1015
-344
667
995
306
-701
-1005
-297
705
983
255
-740
-991
-243
745
967
198
-781
-972
-182
786
945
134
-822
-948
-115
827
918
64
-863
-917
-42
868
883
-12
-903
-879
37
907
841
-94
-941
-831
122
942
789
-181
-974
-775
211
973
727
-273
-1001
-708
304
996
656
-368
-1021
-631
400
1011
573
-464
-1031
-543
497
1016
479
-560
-1030
-444
593
1009
374
-655
-1015
-334
685
987
259
-745
-986
-213
772
949
134
-828
-940
-84
851
895
2
-901
-876
52
917
821
-137
-961
-793
192
969
729
-279
-1004
-691
334
1003
618
-421
-1028
-571
475
1016
488
-558
-1029
-432
609
1005
341
-688
-1005
-278
732
967
180
-804
-953
-111
839
901
9
-901
-873
64
925
806
-169
-975
-763
243
985
682
-348
-1020
-626
419
1014
531
-520
-1031
-463
586
1008
357
-679
-1006
-278
736
963
164
-818
-942
-77
861
879
-42
-927
-838
132
953
756
-252
-1001
-695
340
1006
595
-457
-1031
-517
538
1013
402
-646
-1014
-311
715
971
184
-808
-946
-84
860
878
-50
-933
-828
153
962
735
-287
-1010
-661
386
1012
546
-513
-1031
-453
602
1004
321
-715
-992
-213
786
933
70
-877
-890
45
923
800
-192
-986
-728
305
1002
611
-446
-1031
-513
550
1011
374
-676
-1004
-258
759
948
104
-860
-903
22
915
810
-180
-984
-731
304
1002
606
-455
-1032
-498
567
1009
347
-700
-996
-219
787
930
54
-889
-874
83
941
767
-251
-1004
-672
383
1013
530
-539
-1029
-406
652
990
239
-781
-957
-96
861
869
-82
-952
-789
228
987
658
-401
-1029
-539
533
1012
373
-684
-999
-227
786
928
43
-898
-861
113
955
738
-299
-1015
-624
446
1016
459
-612
-1018
-311
730
958
121
-858
-899
44
930
781
-239
-1003
-668
397
1015
502
-575
-1024
-349
704
969
152
-842
-912
20
921
792
-224
-1000
-675
390
1014
503
-576
-1024
-343
711
965
138
-852
-902
43
931
774
-254
-1008
-647
426
1016
464
-615
-1016
-292
749
945
77
-886
-868
112
958
724
-329
-1022
-580
503
1014
381
-688
-994
-195
814
902
-31
-938
-801
226
991
634
-444
-1032
-469
613
996
250
-786
-947
-50
894
823
-184
-992
-691
381
1014
495
-592
-1019
-305
745
945
69
-894
-855
142
970
692
-377
-1029
-525
565
1006
299
-756
-962
-87
878
839
-161
-987
-701
372
1014
496
-595
-1018
-293
756
937
43
-909
-835
181
982
656
-426
-1032
-470
619
993
225
-808
-928
2
921
779
-262
-1013
-615
477
1015
383
-696
-987
-157
844
870
-110
-973
-730
341
1012
513
-583
-1019
-295
759
932
25
-920
-817
216
992
618
-476
-1031
-409
675
973
141
-862
-881
107
963
699
-380
-1030
-500
598
997
235
-807
-926
16
930
760
-299
-1021
-571
531
1009
309
-758
-956
-55
900
803
-234
-1009
-622
478
1014
364
-718
-975
-108
876
832
-189
-999
-656
441
1016
399
-692
-986
-140
860
848
-161
-992
-674
421
1016
416
-679
-990
-153
854
854
-154
-990
-678
419
1016
415
-681
-989
-147
858
848
-165
-994
-666
434
1016
396
-698
-982
-122
872
832
-195
-1002
-640
466
1015
359
-728
-967
-77
895
803
-245
-1013
-596
515
1010
304
-770
-944
-12
925
760
-312
-1025
-535
578
998
228
-821
-907
72
957
699
-396
-1031
-453
653
976
131
-878
-854
174
987
618
-495
-1029
-349
736
937
14
-935
-781
294
1009
513
-603
-1010
-223
821
877
-123
-985
-681
427
1016
383
-717
-969
-73
902
789
-277
-1021
-553
567
999
225
-828
-899
98
968
668
-442
-1031
-393
708
950
43
-925
-791
284
1009
512
-610
-1007
-203
837
860
-161
-998
-642
478
1013
318
-769
-939
15
941
723
-377
-1031
-449
666
967
91
-905
-816
250
1004
535
-592
-1011
-216
831
863
-161
-999
-636
488
1011
298
-786
-926
49
955
692
-421
-1032
-399
710
946
22
-938
-766
328
1014
456
-667
-987
-114
888
798
-275
-1022
-532
597
989
164
-871
-851
199
996
567
-565
-1016
-234
825
865
-163
-1001
-623
509
1007
262
-814
-902
106
975
638
-491
-1027
-312
777
902
-91
-982
-675
452
1014
320
-777
-927
55
960
674
-452
-1030
-349
753
917
-59
-972
-695
430
1015
337
-767
-933
44
957
678
-449
-1030
-347
756
914
-69
-976
-684
446
1014
316
-783
-921
74
967
651
-483
-1027
-306
786
892
-120
-992
-641
498
1008
255
-825
-888
145
987
591
-551
-1016
-224
838
846
-211
-1014
-562
582
990
152
-885
-827
255
1008
492
-649
-988
-100
903
767
-339
-1030
-441
691
948
7
-952
-727
400
1016
347
-767
-928
66
968
644
-499
-1025
-273
812
866
-180
-1009
-578
570
991
154
-887
-821
270
1011
467
-676
-976
-55
926
728
-399
-1032
-371
748
913
-86
-986
-649
499
1006
230
-847
-861
205
1002
519
-632
-992
-105
905
757
-362
-1032
-402
728
924
-64
-980
-661
488
1007
235
-846
-861
209
1003
510
-643
-987
-84
916
739
-391
-1032
-367
756
904
-111
-995
-618
538
997
172
-883
-819
282
1013
438
-707
-957
8
953
668
-483
-1025
-263
826
846
-229
-1020
-513
643
963
37
-947
-725
419
1014
296
-813
-886
170
998
531
-629
-990
-86
918
730
-409
-1031
-333
784
880
-169
-1010
-558
605
977
77
-932
-747
394
1015
314
-804
-892
164
997
530
-634
-987
-72
926
714
-434
-1029
-300
809
858
-216
-1020
-509
652
957
8
-961
-691
467
1008
228
-859
-838
264
1012
433
-721
-945
52
971
615
-553
-1010
-159
889
767
-367
-1032
-360
772
885
-169
-1012
-542
627
966
31
-954
-701
460
1009
226
-863
-831
280
1014
409
-743
-930
93
984
573
-600
-996
-93
921
715
-442
-1028
-273
831
831
-273
-1028
-440
717
919
-100
-998
-591
585
979
72
-941
-722
439
1011
237
-860
-831
285
1015
393
-759
-917
128
993
534
-642
-979
-30
949
660
-514
-1017
-182
884
767
-377
-1031
-327
801
855
-237
-1025
-461
705
924
-96
-999
-583
598
973
43
-955
-691
483
1003
177
-896
-785
363
1016
304
-824
-862
240
1012
422
-742
-925
118
993
530
-652
-972
-2
960
627
-556
-1005
-118
917
713
-457
-1025
-229
863
787
-356
-1032
-333
802
850
-254
-1028
-431
735
902
-154
-1013
-520
663
943
-57
-991
-601
588
974
37
-960
-673
511
996
126
-924
-738
434
1009
211
-883
-794
357
1016
290
-838
-843
282
1015
364
-791
-885
209
1009
431
-742
-920
139
999
493
-692
-949
72
985
549
-643
-972
9
967
600
-594
-991
-50
948
646
-546
-1005
-106
927
686
-501
-1016
-156
905
722
-457
-1023
-203
884
753
-417
-1028
-245
862
780
-379
-1031
-283
841
804
-345
-1032
-317
821
824
-313
-1032
-346
803
841
-286
-1031
-372
787
855
-262
-1029
-393
773
866
-242
-1028
-411
761
875
-226
-1026
-425
751
882
-213
-1025
-435
744
886
-205
-1024
-441
740
889
-200
-1024
-444
739
890
-200
-1024
-443
740
888
-203
-1024
-438
744
885
-211
-1025
-430
751
880
-222
-1027
-418
760
872
-237
-1028
-402
772
863
-256
-1030
-383
786
850
-279
-1031
-359
802
835
-305
-1032
-331
820
818
-335
-1032
-300
839
796
-369
-1030
-264
860
772
-406
-1027
-224
882
743
-446
-1022
-179
904
711
-488
-1014
-130
925
674
-533
-1004
-77
946
632
-580
-989
-20
966
585
-629
-970
41
983
532
-678
-946
106
998
474
-728
-916
175
1009
410
-777
-880
247
1015
341
-825
-838
321
1016
265
-871
-788
397
1010
185
-913
-731
474
997
98
-951
-665
551
976
7
-983
-591
627
946
-88
-1008
-509
701
905
-186
-1025
-419
770
855
-287
-1032
-321
835
793
-388
-1028
-216
892
719
-489
-1012
-105
941
634
-587
-983
12
979
538
-682
-940
133
1004
431
-769
-881
255
1016
313
-848
-808
377
1011
187
-916
-719
497
990
54
-971
-615
611
950
-85
-1009
-497
717
891
-226
-1029
-366
812
812
-366
-1029
-223
892
713
-503
-1007
-73
955
597
-632
-962
83
997
462
-750
-892
241
1016
313
-852
-799
397
1008
152
-935
-682
545
974
-17
-994
-545
682
910
-190
-1027
-388
801
819
-362
-1029
-216
899
699
-526
-999
-34
969
554
-677
-936
153
1009
387
-809
-840
338
1014
203
-914
-713
515
982
7
-989
-556
676
911
-193
-1027
-375
813
804
-390
-1026
-176
920
661
-575
-982
35
989
486
-739
-895
247
1016
287
-874
-767
452
997
70
-971
-601
638
930
-154
-1024
-403
797
816
-374
-1027
-183
918
659
-580
-978
51
994
464
-760
-877
285
1016
240
-901
-726
507
982
-2
-994
-532
703
890
-247
-1031
-305
860
744
-483
-1008
-55
967
549
-692
-921
201
1014
316
-862
-775
447
996
58
-978
-577
667
911
-208
-1030
-336
845
760
-464
-1011
-69
964
554
-691
-921
206
1015
303
-871
-761
470
990
25
-989
-542
700
888
-259
-1032
-279
878
714
-527
-994
10
987
479
-756
-874
301
1015
200
-925
-680
570
956
-100
-1018
-425
793
812
-396
-1022
-129
946
592
-661
-935
181
1014
315
-868
-760
477
987
3
-997
-511
731
863
-313
-1030
-210
915
652
-603
-962
115
1008
371
-836
-796
432
997
48
-985
-545
705
880
-285
-1031
-233
905
665
-592
-966
107
1007
373
-837
-793
438
995
35
-990
-528
721
867
-312
-1030
-199
922
634
-627
-949
156
1013
321
-870
-752
496
979
-36
-1008
-460
775
821
-394
-1021
-108
958
554
-705
-903
262
1016
211
-927
-665
599
938
-165
-1028
-335
857
730
-523
-989
43
998
417
-813
-813
418
998
41
-991
-519
735
852
-346
-1027
-147
946
578
-687
-912
249
1016
214
-928
-658
610
930
-189
-1030
-302
878
698
-566
-972
104
1008
351
-858
-759
496
976
-58
-1015
-422
809
782
-461
-1005
-12
988
453
-792
-828
402
999
43
-992
-507
749
837
-380
-1021
-97
966
523
-740
-871
334
1010
111
-972
-563
705
869
-326
-1028
-149
949
564
-707
-894
294
1013
148
-959
-590
683
883
-301
-1030
-171
941
578
-696
-900
284
1014
154
-958
-591
684
882
-306
-1029
-161
946
566
-709
-890
304
1012
129
-968
-566
708
864
-341
-1025
-120
961
527
-743
-864
354
1006
72
-987
-513
752
827
-405
-1015
-47
983
460
-796
-816
432
990
-17
-1010
-430
813
767
-495
-992
58
1004
360
-862
-742
533
957
-137
-1028
-313
882
676
-607
-947
192
1016
226
-933
-633
652
897
-286
-1030
-161
950
549
-731
-869
353
1005
56
-994
-485
778
798
-457
-1002
26
1000
379
-855
-747
532
956
-147
-1029
-292
896
651
-639
-927
243
1015
164
-960
-572
713
853
-374
-1019
-56
983
447
-813
-792
476
974
-91
-1024
-339
873
682
-608
-942
213
1016
186
-953
-585
704
857
-370
-1019
-54
985
438
-821
-781
495
967
-119
-1027
-305
893
650
-646
-920
266
1014
125
-976
-526
755
814
-444
-1002
34
1003
350
-877
-710
585
928
-231
-1032
-187
945
546
-744
-850
398
994
-21
-1015
-388
851
707
-587
-949
205
1016
177
-960
-562
730
832
-420
-1007
18
1002
356
-877
-706
593
922
-251
-1031
-157
958
512
-775
-821
448
979
-87
-1025
-316
892
643
-661
-906
304
1009
65
-997
-455
812
749
-542
-966
166
1016
204
-952
-574
724
833
-425
-1004
37
1006
326
-897
-672
634
896
-314
-1025
-79
983
431
-836
-753
545
941
-211
-1032
-182
952
519
-774
-816
462
973
-118
-1029
-270
917
592
-714
-865
386
993
-38
-1020
-344
882
651
-659
-902
321
1005
29
-1008
-405
849
697
-612
-929
266
1012
83
-995
-451
821
731
-573
-948
223
1015
124
-984
-486
799
756
-545
-961
193
1016
152
-975
-508
784
770
-527
-968
175
1016
167
-971
-519
777
776
-520
-970
170
1016
169
-970
-518
778
774
-524
-968
178
1016
159
-975
-506
788
763
-540
-961
199
1016
135
-983
-483
806
743
-566
-948
232
1014
98
-994
-447
830
714
-603
-929
277
1010
49
-1006
-399
860
673
-648
-902
334
1001
-14
-1019
-337
894
620
-701
-865
402
985
-90
-1028
-261
929
554
-760
-816
480
960
-179
-1032
-171
963
472
-822
-753
565
923
-278
-1026
-67
991
374
-884
-672
654
870
-387
-1007
51
1011
260
-941
-574
744
798
-503
-971
181
1016
129
-988
-455
831
705
-622
-914
320
1002
-18
-1021
-316
908
587
-738
-831
465
963
-177
-1032
-157
970
445
-845
-721
608
896
-345
-1015
18
1008
279
-935
-580
744
795
-514
-965
205
1015
91
-1000
-409
863
658
-676
-876
398
983
-114
-1031
-211
954
485
-821
-745
585
907
-326
-1018
9
1007
278
-937
-571
755
782
-536
-954
240
1011
45
-1011
-357
893
606
-728
-834
470
958
-203
-1031
-111
985
385
-886
-656
682
841
-452
-985
154
1016
126
-993
-426
857
659
-681
-868
419
974
-154
-1032
-153
975
418
-869
-678
664
853
-436
-989
143
1016
130
-993
-423
861
651
-692
-858
439
967
-182
-1031
-118
985
379
-893
-640
703
821
-490
-969
209
1013
56
-1011
-347
903
581
-758
-801
526
931
-286
-1022
-5
1007
265
-949
-535
791
735
-607
-911
348
991
-96
-1031
-193
966
437
-862
-681
668
844
-457
-979
185
1015
70
-1010
-349
904
573
-767
-788
547
918
-321
-1015
43
1013
207
-973
-473
837
676
-676
-864
439
963
-205
-1030
-73
997
315
-931
-566
773
749
-596
-914
350
989
-113
-1032
-161
977
393
-892
-631
720
798
-534
-945
284
1002
-48
-1028
-221
960
445
-863
-672
683
827
-493
-962
243
1008
-10
-1024
-255
949
472
-847
-692
666
840
-476
-968
228
1010
2
-1023
-261
947
475
-847
-691
668
837
-483
-965
240
1008
-14
-1025
-242
955
453
-862
-669
691
818
-513
-951
277
1002
-58
-1029
-195
970
406
-890
-626
732
781
-566
-925
340
989
-128
-1032
-122
990
333
-928
-558
788
722
-639
-880
426
963
-224
-1027
-20
1008
232
-970
-462
854
638
-726
-813
532
916
-344
-1006
109
1016
101
-1008
-335
921
522
-821
-715
652
842
-483
-961
262
1003
-59
-1030
-176
979
371
-913
-580
775
731
-634
-880
433
958
-245
-1023
15
1013
184
-988
-405
890
576
-783
-754
613
867
-447
-973
232
1007
-38
-1029
-187
977
373
-914
-574
783
719
-651
-866
462
945
-285
-1016
66
1016
124
-1005
-339
923
509
-836
-689
685
811
-539
-932
341
985
-161
-1030
-55
1006
237
-973
-441
874
597
-772
-760
611
864
-459
-966
259
1002
-82
-1032
-129
993
304
-949
-498
841
643
-734
-795
570
888
-418
-980
221
1007
-48
-1030
-157
987
326
-941
-513
833
652
-727
-799
567
888
-420
-979
228
1006
-61
-1031
-139
992
303
-952
-487
851
625
-754
-773
602
865
-464
-961
280
996
-120
-1032
-75
1004
235
-978
-419
891
559
-809
-713
672
814
-547
-921
375
971
-224
-1023
36
1015
121
-1009
-305
944
449
-883
-610
767
724
-661
-848
507
917
-370
-992
193
1009
-42
-1031
-140
994
287
-961
-457
873
583
-794
-725
664
816
-548
-918
388
965
-250
-1019
75
1016
70
-1020
-244
967
380
-922
-538
825
651
-739
-779
605
857
-488
-946
330
982
-195
-1026
26
1015
112
-1013
-278
957
406
-911
-556
814
662
-731
-784
601
858
-490
-944
338
979
-211
-1024
49
1016
83
-1019
-243
969
367
-932
-514
845
618
-772
-742
653
819
-553
-910
412
953
-295
-1008
142
1013
-17
-1030
-138
997
259
-976
-406
907
513
-852
-642
752
728
-670
-831
545
889
-442
-962
301
987
-187
-1025
39
1016
78
-1021
-223
977
334
-949
-470
875
566
-818
-684
717
759
-637
-854
516
903
-418
-969
284
990
-177
-1026
37
1016
72
-1022
-210
982
313
-959
-443
892
534
-843
-649
752
723
-682
-817
571
869
-485
-940
362
967
-265
-1012
135
1013
-35
-1031
-97
1006
195
-999
-321
948
412
-917
-528
844
606
-792
-708
701
769
-632
-852
526
894
-445
-956
328
976
-240
-1016
118
1014
-27
-1031
-95
1007
185
-1002
-302
957
385
-932
-494
867
567
-825
-665
744
724
-687
-807
593
850
-524
-916
420
942
-344
-990
234
998
-154
-1027
41
1016
40
-1027
-151
998
229
-992
-335
946
407
-924
-506
863
569
-827
-658
753
711
-705
-788
620
828
-563
-892
470
918
-406
-967
308
979
-240
-1014
139
1011
-69
-1032
-32
1014
101
-1021
-199
990
265
-983
-359
939
419
-921
-507
866
561
-837
-641
772
686
-734
-757
661
793
-615
-854
536
880
-485
-931
401
945
-347
-986
260
990
-203
-1019
115
1013
-58
-1032
-29
1015
85
-1024
-171
997
224
-997
-307
961
356
-952
-435
908
479
-892
-553
841
592
-818
-660
761
693
-732
-754
670
781
-637
-835
570
855
-534
-902
465
914
-425
-955
354
960
-313
-994
241
992
-200
-1019
128
1011
-86
-1031
15
1016
25
-1030
-96
1010
134
-1018
-203
992
239
-995
-305
964
339
-962
-402
927
433
-921
-493
882
520
-873
-577
830
600
-817
-653
772
673
-757
-722
710
739
-692
-784
643
796
-624
-838
574
847
-554
-885
503
890
-482
-925
430
926
-409
-957
357
956
-337
-984
285
979
-264
-1004
213
996
-194
-1018
143
1007
-124
-1027
75
1014
-57
-1031
8
1016
8
-1031
-55
1014
70
-1028
-116
1009
130
-1020
-174
1000
186
-1010
-229
989
240
-998
-281
976
290
-984
-330
960
337
-968
-375
944
381
-951
-417
926
422
-933
-456
908
459
-914
-493
890
494
-896
-526
871
526
-877
-556
853
554
-859
-583
835
580
-842
-608
818
604
-825
-630
801
625
-809
-650
786
643
-795
-667
772
660
-781
-682
759
674
-769
-695
748
686
-759
-706
739
695
-750
-715
731
703
-743
-722
724
709
-738
-727
720
713
-734
-730
717
716
-732
-732
716
