0
0
0
0
0
1126
703
439
274
171
106
66
41
25
15
9
5
3
1
0
0
0
0
0
-1
-1
-1
-1
-1
-1
-1
-2
-2
-2
-2
-3
-2
-2
-3
-2
-3
-2
-3
-3
-2
-3
-3
-3
-3
-3
-3
-3
-3
-4
-4
-5
-5
-6
-6
-6
-6
-6
-6
-7
-7
-8
-8
-7
-8
-9
-9
-9
-10
-11
-11
-11
-11
-12
-13
-13
-14
-15
-15
-16
-16
-16
-16
-17
-17
-18
-20
-20
-21
-22
-22
-22
-23
-24
-24
-25
-26
-27
-27
-28
-29
-30
-31
-31
-33
-33
-34
-35
-35
-36
-37
-38
-38
-39
-40
-41
-42
-43
-43
-44
-45
-46
-47
-48
-48
-48
-49
-50
-52
-52
-53
-54
-55
-55
-56
-57
-57
-58
-58
-59
-60
-60
-61
-61
-62
-62
-63
-63
-63
-64
-63
-64
-64
-63
-64
-64
-64
-63
-64
-63
-64
-63
-64
-63
-62
-62
-62
-61
-61
-61
-60
-59
-58
-57
-56
-55
-54
-53
-52
-50
-50
-48
-46
-45
-43
-41
-40
-37
-36
-34
-33
-31
-28
-26
-24
-22
-19
-16
-14
-11
-9
-6
-4
-1
2
4
7
10
13
15
18
22
24
27
30
32
36
39
42
45
48
51
53
57
59
61
65
67
69
72
75
77
80
83
84
86
88
91
92
94
95
96
99
99
100
101
102
103
103
104
105
104
105
104
104
103
102
101
100
98
97
95
93
91
89
86
83
80
78
74
71
68
64
61
57
53
48
44
39
35
29
25
20
14
9
4
-2
-7
-13
-19
-23
-29
-35
-40
-45
-50
-56
-61
-67
-72
-76
-82
-87
-91
-95
-100
-104
-108
-112
-115
-118
-121
-124
-127
-129
-131
-133
-134
-135
-136
-136
-136
-135
-135
-134
-133
-132
-129
-127
-124
-121
-118
-113
-109
-106
-101
-96
-89
-84
-78
-71
-65
-58
-51
-44
-36
-29
-22
-14
-5
2
11
18
27
35
42
51
58
67
74
82
89
96
103
110
116
121
127
132
137
141
145
148
151
154
156
157
158
158
158
157
156
154
151
148
145
140
136
131
124
118
111
104
96
89
80
71
61
52
42
32
22
11
0
-11
-21
-32
-43
-53
-64
-74
-84
-94
-104
-112
-121
-129
-137
-145
-151
-158
-163
-167
-172
-176
-178
-180
-181
-182
-181
-180
-178
-175
-171
-167
-161
-155
-148
-140
-132
-123
-113
-103
-93
-81
-70
-57
-45
-32
-18
-6
8
22
34
48
62
74
86
98
111
122
133
143
152
161
169
175
182
187
190
194
196
197
198
196
194
191
187
181
175
168
160
150
139
128
116
103
90
76
61
47
31
15
-1
-17
-33
-49
-64
-79
-95
-110
-123
-137
-149
-161
-172
-182
-190
-198
-204
-209
-213
-216
-217
-216
-214
-212
-207
-202
-195
-186
-176
-165
-153
-140
-125
-111
-95
-78
-61
-43
-24
-6
13
32
51
68
86
103
119
136
151
165
178
190
200
209
216
223
227
229
230
229
227
222
216
209
200
190
177
163
147
131
114
96
77
57
36
16
-5
-27
-48
-68
-89
-109
-129
-146
-164
-179
-194
-207
-218
-228
-235
-241
-245
-247
-247
-244
-240
-233
-225
-214
-202
-188
-173
-156
-137
-116
-96
-73
-50
-27
-3
21
44
68
90
113
134
154
173
191
206
220
231
242
249
254
257
258
256
252
245
236
224
211
194
177
157
137
113
90
65
39
13
-13
-39
-66
-92
-116
-140
-162
-184
-202
-220
-235
-247
-258
-266
-271
-273
-273
-269
-263
-254
-242
-228
-212
-193
-171
-148
-123
-97
-70
-41
-13
16
45
74
101
128
154
178
200
220
237
253
265
273
279
282
283
278
272
262
249
234
215
194
171
144
118
88
59
27
-5
-36
-68
-98
-127
-156
-182
-206
-228
-247
-264
-277
-287
-294
-296
-295
-291
-283
-271
-256
-238
-217
-193
-166
-137
-107
-74
-41
-8
27
60
93
126
156
185
211
234
255
273
286
296
303
305
303
297
287
273
255
234
210
182
152
120
86
50
14
-23
-59
-95
-130
-163
-193
-221
-247
-269
-288
-301
-312
-316
-318
-314
-306
-294
-277
-257
-232
-204
-173
-140
-104
-66
-27
12
51
89
126
161
194
225
252
275
294
309
320
325
326
320
311
297
277
253
226
195
160
123
84
43
1
-40
-81
-121
-159
-195
-228
-258
-283
-304
-320
-330
-337
-337
-331
-321
-305
-284
-258
-228
-195
-157
-117
-76
-32
13
57
100
142
181
217
250
279
303
322
335
343
345
340
330
314
293
266
235
198
159
117
72
27
-20
-67
-112
-155
-196
-234
-268
-297
-320
-338
-350
-355
-354
-347
-333
-314
-288
-257
-220
-180
-137
-90
-43
7
56
104
151
194
235
270
300
325
344
357
363
360
352
338
315
287
253
214
171
123
74
24
-28
-79
-129
-177
-221
-261
-296
-324
-347
-363
-371
-372
-366
-352
-330
-303
-269
-230
-185
-137
-85
-32
22
76
128
178
225
266
302
332
355
370
378
378
369
353
329
298
260
217
169
117
63
6
-51
-106
-159
-210
-256
-296
-329
-356
-376
-386
-389
-383
-368
-345
-314
-276
-232
-183
-129
-72
-13
45
104
160
213
260
302
336
364
383
393
394
386
369
343
309
268
220
167
110
50
-11
-72
-132
-189
-241
-288
-328
-360
-384
-399
-404
-400
-385
-361
-329
-288
-241
-187
-128
-66
-3
61
123
182
237
287
329
363
388
404
409
404
389
364
330
287
237
180
119
55
-12
-78
-142
-203
-258
-308
-349
-383
-405
-417
-419
-408
-388
-358
-318
-269
-214
-153
-87
-19
50
117
182
242
295
341
378
404
419
423
416
398
368
329
279
223
160
93
23
-49
-119
-186
-248
-303
-350
-387
-413
-429
-433
-424
-402
-370
-328
-275
-215
-149
-79
-6
68
140
207
269
324
369
403
425
436
434
419
391
353
304
246
180
108
34
-42
-117
-189
-255
-314
-364
-403
-429
-444
-445
-433
-407
-370
-321
-262
-195
-122
-46
33
110
184
253
314
366
405
434
448
449
435
407
368
317
255
185
109
30
-51
-130
-205
-275
-335
-385
-423
-448
-458
-454
-435
-402
-356
-299
-232
-157
-77
5
88
168
243
309
367
411
442
459
461
447
419
376
322
256
182
100
15
-70
-152
-230
-301
-363
-411
-445
-466
-470
-458
-431
-389
-334
-267
-190
-107
-19
68
153
233
305
367
416
452
470
473
459
428
383
324
254
174
88
-1
-91
-178
-258
-330
-391
-437
-468
-481
-478
-458
-421
-369
-304
-227
-141
-52
41
131
217
296
364
419
457
480
485
472
441
393
331
256
172
81
-13
-108
-198
-280
-353
-412
-457
-484
-493
-484
-455
-410
-349
-275
-189
-97
0
97
189
276
351
412
459
486
495
486
457
410
347
269
182
87
-11
-110
-204
-291
-366
-428
-472
-497
-503
-489
-455
-403
-335
-254
-161
-62
39
139
233
318
391
447
486
505
502
480
438
377
301
213
115
12
-92
-192
-283
-364
-430
-478
-506
-514
-500
-465
-409
-338
-251
-154
-50
55
159
257
343
415
470
504
517
508
476
424
355
268
171
66
-42
-149
-250
-340
-415
-473
-509
-524
-516
-486
-433
-362
-276
-176
-68
42
151
253
345
420
478
513
526
515
482
426
352
261
158
48
-65
-175
-278
-367
-441
-495
-526
-533
-517
-476
-413
-331
-234
-126
-12
103
213
313
399
466
513
534
531
502
451
378
287
182
69
-48
-163
-270
-366
-444
-501
-535
-543
-525
-482
-416
-330
-228
-115
4
123
235
337
422
488
529
545
534
497
435
352
252
139
19
-103
-219
-325
-416
-485
-532
-552
-544
-509
-449
-367
-267
-152
-30
94
212
321
414
485
533
554
546
511
449
364
261
145
20
-106
-227
-336
-427
-498
-543
-561
-549
-509
-443
-353
-245
-125
3
130
251
358
448
514
553
562
542
493
419
321
207
81
-49
-177
-296
-399
-481
-538
-567
-565
-533
-472
-385
-277
-156
-25
108
234
348
444
515
558
570
552
504
428
328
210
80
-55
-187
-309
-414
-497
-551
-577
-569
-530
-462
-367
-253
-124
13
148
276
388
478
542
574
575
543
480
390
277
148
10
-128
-259
-376
-471
-540
-578
-584
-554
-494
-405
-292
-163
-23
118
251
371
469
540
580
585
556
494
403
288
157
16
-127
-262
-383
-481
-551
-588
-590
-557
-492
-396
-277
-142
3
147
283
401
496
562
593
587
547
472
371
244
104
-43
-187
-321
-436
-524
-580
-601
-585
-532
-448
-335
-202
-56
94
238
367
474
551
595
600
569
501
403
278
135
-15
-165
-306
-427
-521
-583
-608
-595
-543
-458
-344
-206
-56
98
246
377
485
563
604
606
568
495
389
258
110
-46
-199
-340
-458
-547
-601
-615
-590
-525
-427
-300
-154
3
159
306
433
530
593
617
599
542
448
325
180
22
-138
-289
-421
-525
-594
-623
-610
-556
-465
-342
-196
-37
124
278
413
520
592
623
612
558
466
343
195
34
-130
-286
-421
-529
-599
-629
-616
-558
-463
-336
-185
-21
144
300
435
539
606
630
610
547
445
312
157
-10
-178
-332
-463
-562
-621
-637
-606
-533
-421
-280
-118
53
219
370
495
584
631
632
589
502
378
227
58
-114
-278
-423
-537
-612
-642
-626
-564
-461
-324
-163
11
183
343
477
576
633
641
603
520
398
246
75
-101
-271
-420
-538
-617
-649
-632
-568
-461
-321
-155
23
199
360
495
591
642
646
599
507
375
216
39
-141
-311
-457
-568
-636
-655
-624
-544
-422
-268
-93
89
264
420
543
624
656
637
569
454
305
131
-54
-234
-396
-527
-618
-660
-649
-588
-479
-334
-161
25
208
376
514
610
658
654
596
491
346
174
-14
-199
-370
-512
-611
-661
-660
-604
-499
-353
-179
10
198
370
513
613
663
659
601
493
345
167
-23
-213
-386
-527
-625
-671
-661
-598
-484
-330
-148
45
236
406
543
635
672
655
582
459
297
110
-86
-275
-441
-571
-652
-679
-648
-561
-428
-257
-65
133
320
480
600
667
677
629
527
380
199
1
-198
-379
-528
-631
-681
-671
-604
-483
-320
-129
73
268
441
575
659
684
650
559
419
240
41
-163
-352
-510
-624
-683
-681
-618
-502
-340
-148
58
259
436
575
662
690
656
564
419
237
34
-174
-365
-525
-637
-692
-683
-613
-488
-318
-119
91
293
468
601
678
693
645
538
381
188
-22
-230
-418
-568
-665
-700
-671
-581
-436
-250
-41
172
369
531
644
697
685
609
474
295
89
-127
-332
-505
-630
-697
-698
-633
-508
-335
-130
87
297
478
613
691
702
646
527
359
155
-64
-276
-464
-606
-690
-709
-659
-545
-378
-175
45
261
453
600
689
710
662
549
383
179
-43
-261
-455
-603
-693
-715
-666
-552
-383
-177
47
267
460
608
696
714
662
542
369
159
-68
-288
-479
-623
-705
-717
-656
-529
-350
-134
95
314
502
638
711
712
640
503
315
94
-137
-354
-536
-662
-722
-708
-621
-472
-272
-45
186
398
570
683
725
693
588
423
213
-19
-249
-454
-612
-707
-728
-673
-548
-366
-145
91
318
511
651
722
718
637
490
290
60
-178
-397
-575
-691
-735
-700
-592
-420
-204
35
269
475
630
718
729
661
523
328
97
-145
-371
-557
-685
-739
-712
-608
-438
-221
19
258
470
629
722
735
667
526
328
93
-152
-380
-568
-693
-743
-711
-601
-424
-200
47
287
497
650
733
734
653
499
289
47
-200
-426
-605
-716
-748
-695
-565
-372
-137
115
352
552
688
747
720
614
436
209
-42
-289
-503
-660
-743
-741
-655
-494
-277
-28
225
451
626
729
748
682
536
329
82
-173
-410
-599
-720
-756
-706
-574
-375
-133
125
369
569
704
756
720
599
408
169
-91
-340
-549
-695
-759
-733
-622
-436
-200
62
314
531
684
756
738
632
452
216
-45
-302
-523
-681
-759
-745
-643
-463
-228
35
293
517
679
758
746
644
463
226
-38
-299
-523
-684
-763
-748
-643
-459
-219
48
309
533
691
765
745
633
443
198
-71
-332
-552
-705
-771
-741
-621
-424
-173
98
358
573
718
772
730
597
390
133
-141
-398
-605
-737
-777
-718
-570
-350
-86
189
440
637
752
773
695
529
296
25
-250
-493
-674
-770
-767
-667
-481
-234
42
314
546
707
777
748
622
416
157
-124
-389
-605
-742
-784
-724
-571
-343
-71
210
464
659
766
774
681
499
251
-31
-308
-546
-712
-785
-756
-627
-416
-149
136
404
619
752
786
715
549
311
31
-254
-506
-690
-784
-772
-658
-456
-193
96
373
599
745
790
730
572
337
55
-234
-493
-685
-785
-779
-667
-465
-201
91
370
600
748
794
732
570
330
44
-248
-506
-696
-790
-777
-656
-446
-174
122
402
626
763
795
718
540
288
-4
-296
-548
-724
-800
-764
-623
-394
-111
188
461
669
785
789
684
482
212
-88
-376
-612
-761
-804
-734
-559
-306
-10
288
546
726
802
766
619
385
95
-209
-483
-689
-796
-791
-673
-457
-177
129
416
645
780
803
709
515
245
-61
-358
-604
-763
-811
-743
-566
-308
-5
299
559
739
810
764
605
358
57
-252
-524
-720
-811
-782
-640
-402
-107
205
488
698
805
794
664
437
144
-170
-460
-681
-802
-804
-686
-466
-177
140
434
665
796
807
698
484
197
-120
-420
-657
-795
-813
-710
-499
-213
105
407
649
791
814
713
504
218
-102
-407
-651
-795
-818
-717
-507
-218
103
409
653
796
817
712
498
206
-117
-424
-664
-803
-818
-707
-486
-190
135
440
676
808
814
693
464
163
-165
-467
-696
-817
-811
-677
-438
-130
198
495
716
823
800
652
400
85
-244
-535
-742
-831
-790
-623
-357
-35
293
575
765
833
768
582
301
-28
-353
-622
-791
-835
-744
-534
-238
96
415
667
811
824
706
473
162
-174
-483
-714
-831
-812
-662
-404
-80
256
552
757
839
784
601
318
-16
-347
-622
-796
-840
-745
-529
-225
116
437
688
824
825
689
439
116
-227
-532
-750
-843
-796
-618
-337
0
338
620
797
842
747
525
216
-129
-454
-703
-834
-826
-679
-417
-86
260
563
769
847
781
583
285
-60
-397
-666
-824
-840
-714
-468
-142
209
524
750
847
800
616
327
-20
-363
-645
-816
-847
-733
-494
-168
186
508
743
849
808
628
339
-10
-358
-643
-817
-850
-736
-493
-165
191
516
749
853
807
619
322
-30
-378
-661
-828
-849
-722
-469
-133
227
547
769
857
792
588
278
-81
-426
-696
-843
-841
-689
-416
-67
293
601
801
859
764
531
203
-162
-498
-746
-860
-820
-634
-334
27
382
669
835
850
711
444
96
-269
-587
-799
-866
-777
-546
-217
153
494
745
860
819
627
321
-45
-403
-687
-847
-852
-700
-421
-64
305
617
816
865
754
504
160
-213
-549
-783
-872
-799
-579
-252
122
474
738
864
830
640
331
-40
-404
-693
-853
-855
-695
-406
-41
332
643
832
866
736
467
109
-268
-597
-813
-876
-773
-525
-177
205
547
786
875
798
568
231
-152
-505
-763
-876
-821
-611
-283
100
462
737
870
835
641
322
-58
-428
-717
-868
-851
-671
-361
18
394
694
859
857
690
388
10
-370
-680
-856
-866
-709
-413
-37
347
662
849
868
718
426
51
-336
-656
-849
-875
-728
-439
-63
325
650
846
875
730
441
65
-326
-652
-849
-878
-733
-443
-63
328
654
849
876
727
432
52
-341
-666
-857
-877
-722
-422
-37
355
676
860
871
707
398
10
-381
-697
-871
-869
-693
-376
18
408
715
876
859
667
339
-59
-445
-742
-886
-851
-641
-301
101
482
765
891
833
604
251
-155
-529
-794
-897
-815
-565
-198
209
574
819
894
784
512
132
-275
-626
-848
-892
-752
-455
-63
341
676
868
879
707
385
-18
-417
-729
-889
-863
-655
-310
101
490
776
898
831
588
220
-194
-569
-822
-903
-792
-513
-125
288
642
858
892
736
423
18
-390
-715
-888
-871
-669
-323
93
488
779
902
832
583
207
-213
-588
-837
-906
-779
-485
-86
332
678
876
885
702
366
-50
-456
-763
-904
-849
-610
-237
186
570
830
907
785
492
91
-331
-681
-882
-890
-703
-362
59
467
772
906
841
589
208
-221
-601
-849
-909
-769
-457
-45
377
716
895
875
660
297
-132
-532
-815
-916
-812
-528
-125
305
667
879
895
709
364
-64
-478
-785
-915
-840
-575
-181
254
632
867
905
739
405
-21
-444
-766
-914
-856
-603
-213
225
612
859
911
754
425
-2
-430
-758
-915
-861
-612
-221
219
610
860
913
754
423
-7
-436
-765
-918
-859
-602
-206
238
627
869
911
741
399
-37
-465
-785
-922
-846
-573
-166
280
661
886
905
711
351
-91
-513
-815
-927
-821
-523
-101
344
708
906
889
663
279
-170
-580
-854
-925
-779
-447
-11
429
767
923
858
590
181
-271
-660
-892
-912
-713
-345
105
530
829
929
806
490
56
-392
-746
-922
-877
-621
-215
242
641
885
916
724
357
-96
-526
-830
-933
-811
-491
-53
398
753
924
870
604
191
-270
-665
-899
-913
-705
-324
135
562
851
932
783
442
-7
-456
-793
-935
-848
-552
-119
342
719
918
891
643
235
-232
-641
-892
-923
-725
-348
116
551
849
936
789
445
-10
-463
-802
-940
-844
-537
-95
369
742
928
881
613
191
-281
-682
-912
-912
-684
-283
190
614
883
929
740
363
-106
-550
-854
-942
-792
-440
23
480
815
943
831
506
53
-415
-777
-942
-865
-568
-125
349
734
931
889
618
188
-291
-695
-921
-911
-667
-250
231
652
905
923
703
300
-180
-615
-891
-937
-739
-350
130
576
873
941
766
390
-89
-544
-857
-948
-791
-428
47
511
840
949
809
456
-17
-485
-828
-953
-827
-483
-13
461
813
951
837
502
33
-444
-805
-953
-849
-520
-52
428
795
950
852
528
62
-421
-793
-953
-860
-537
-71
414
788
951
859
536
69
-416
-791
-954
-861
-537
-68
420
793
953
855
527
55
-432
-803
-956
-852
-517
-43
445
811
956
842
499
18
-466
-826
-961
-833
-480
5
489
838
958
816
451
-39
-519
-857
-960
-800
-421
74
548
872
955
775
381
-118
-586
-892
-953
-750
-340
164
622
908
942
714
288
-218
-665
-928
-932
-678
-235
274
707
941
914
630
170
-337
-751
-956
-893
-581
-105
400
792
963
861
517
28
-470
-836
-967
-826
-452
50
538
873
961
777
372
-138
-610
-910
-952
-724
-290
225
676
936
928
656
197
-320
-745
-958
-898
-581
-98
413
806
967
851
490
-11
-510
-864
-969
-796
-394
121
601
908
953
722
283
-240
-693
-947
-926
-638
-165
355
772
965
878
535
36
-475
-847
-974
-817
-422
96
586
905
959
732
291
-236
-694
-949
-928
-633
-153
371
787
970
869
511
2
-508
-869
-975
-792
-376
151
633
928
948
687
222
-309
-750
-968
-899
-563
-60
461
845
977
817
414
-113
-607
-921
-960
-711
-251
284
735
965
905
574
70
-456
-845
-981
-823
-417
115
611
922
956
700
233
-306
-753
-973
-899
-553
-40
486
863
979
796
372
-166
-654
-943
-947
-662
-175
365
793
980
866
488
-40
-556
-902
-973
-746
-291
255
721
966
914
580
68
-467
-857
-985
-809
-384
160
655
946
946
653
157
-388
-813
-987
-854
-457
82
595
923
964
705
225
-325
-775
-984
-886
-512
22
548
903
976
743
276
-277
-744
-978
-906
-550
-21
514
888
982
766
308
-247
-725
-976
-917
-571
-44
497
880
985
777
322
-235
-718
-974
-921
-575
-48
496
882
986
777
319
-241
-724
-977
-918
-566
-33
511
890
985
763
297
-266
-744
-983
-908
-540
0
541
908
981
738
257
-308
-774
-990
-887
-497
53
587
929
971
697
197
-368
-814
-996
-855
-436
125
645
955
953
640
118
-443
-860
-997
-809
-355
214
713
978
922
564
19
-532
-909
-989
-743
-253
319
786
994
874
465
-99
-630
-953
-962
-654
-128
440
862
997
803
340
-235
-732
-988
-915
-538
18
568
928
980
703
192
-383
-832
-1002
-838
-394
182
697
978
931
571
18
-541
-919
-990
-727
-220
360
819
1001
846
405
-174
-694
-981
-937
-576
-19
543
921
986
718
205
-378
-834
-1007
-837
-384
200
716
987
922
542
-24
-582
-942
-980
-684
-154
429
864
1004
799
319
-270
-768
-1001
-892
-476
104
648
969
956
612
57
-518
-915
-996
-734
-217
374
835
1007
830
364
-228
-742
-999
-910
-505
76
630
964
963
624
69
-511
-915
-998
-734
-213
382
843
1008
822
345
-253
-763
-1006
-896
-471
118
665
979
948
582
10
-565
-943
-988
-685
-141
453
887
1006
768
259
-344
-825
-1014
-844
-374
228
750
1004
900
477
-118
-671
-986
-949
-575
4
582
952
981
658
100
-496
-913
-1004
-736
-203
403
863
1013
799
297
-312
-810
-1017
-857
-389
219
748
1007
901
469
-133
-688
-994
-941
-548
45
621
971
968
613
36
-557
-947
-992
-676
-115
489
913
1005
730
187
-425
-882
-1017
-780
-258
358
843
1017
819
318
-300
-809
-1021
-859
-380
237
768
1015
888
433
-183
-732
-1010
-916
-484
128
692
999
935
525
-80
-657
-990
-956
-567
33
620
977
969
599
6
-590
-967
-984
-633
-46
558
952
991
658
78
-532
-943
-1001
-683
-110
506
930
1005
702
133
-486
-922
-1012
-720
-156
466
912
1013
731
172
-453
-907
-1018
-744
-187
440
900
1018
749
195
-434
-898
-1022
-756
-203
428
894
1019
755
201
-430
-897
-1022
-757
-202
429
897
1020
751
193
-439
-904
-1021
-747
-186
447
907
1017
735
169
-464
-918
-1018
-725
-153
479
925
1013
708
128
-502
-938
-1010
-691
-104
524
948
1003
666
71
-554
-963
-997
-643
-38
582
973
985
610
-3
-616
-988
-974
-578
44
649
999
956
537
-94
-688
-1012
-939
-496
143
724
1021
914
446
-199
-766
-1030
-888
-394
255
803
1032
853
334
-318
-844
-1036
-816
-272
380
880
1031
770
202
-447
-919
-1024
-720
-129
513
950
1006
660
48
-583
-982
-987
-597
32
649
1004
956
522
-121
-717
-1025
-921
-445
209
779
1033
870
355
-305
-842
-1040
-817
-264
396
895
1031
748
161
-492
-946
-1016
-673
-57
583
984
985
583
-56
-674
-1017
-945
-487
169
756
1033
887
378
-288
-835
-1042
-821
-264
403
902
1031
735
137
-520
-962
-1009
-641
-8
628
1003
965
528
-128
-732
-1034
-908
-406
263
824
1042
828
270
-402
-907
-1035
-733
-128
532
969
1002
618
-25
-658
-1018
-953
-490
177
770
1040
875
342
-335
-871
-1044
-779
-188
482
949
1017
657
19
-627
-1009
-968
-518
149
754
1040
887
359
-321
-866
-1046
-783
-189
484
953
1016
649
5
-641
-1016
-959
-496
179
777
1044
866
319
-366
-894
-1042
-746
-132
538
979
999
593
-69
-703
-1035
-925
-419
267
837
1048
808
221
-462
-947
-1024
-661
-14
640
1018
956
482
-201
-798
-1051
-849
-281
409
921
1034
699
60
-606
-1009
-976
-518
163
774
1048
866
306
-387
-913
-1041
-716
-79
593
1005
978
523
-161
-775
-1052
-868
-305
392
917
1039
705
61
-610
-1014
-973
-504
186
794
1052
846
267
-432
-939
-1033
-672
-14
650
1027
948
450
-247
-837
-1056
-808
-201
494
970
1014
608
-69
-716
-1046
-910
-370
335
890
1048
739
98
-586
-1010
-983
-517
179
795
1054
840
250
-454
-955
-1028
-641
34
694
1041
920
385
-325
-889
-1053
-744
-99
590
1012
977
500
-203
-815
-1060
-826
-218
487
972
1016
599
-91
-740
-1054
-889
-321
393
927
1040
680
8
-667
-1039
-937
-409
307
881
1053
744
94
-601
-1020
-974
-482
231
837
1060
795
165
-541
-1000
-1000
-540
168
798
1060
834
223
-491
-980
-1017
-585
117
764
1059
862
267
-453
-964
-1030
-619
79
739
1056
883
298
-425
-952
-1036
-639
54
723
1054
893
316
-410
-946
-1041
-650
43
716
1053
898
321
-407
-945
-1041
-649
46
720
1056
895
313
-417
-951
-1039
-638
63
734
1058
883
291
-439
-963
-1033
-616
93
757
1063
865
257
-473
-980
-1022
-581
135
788
1065
836
209
-519
-1000
-1006
-534
193
826
1067
797
147
-575
-1022
-982
-473
261
871
1063
746
71
-639
-1043
-947
-397
342
918
1051
679
-20
-711
-1061
-901
-308
433
965
1031
598
-124
-787
-1070
-837
-200
534
1009
995
498
-240
-863
-1069
-757
-78
639
1044
942
381
-366
-935
-1051
-655
60
745
1066
867
244
-499
-999
-1012
-530
209
847
1069
768
89
-634
-1047
-947
-383
369
938
1048
641
-82
-765
-1073
-853
-214
531
1012
994
485
-264
-883
-1067
-724
-23
689
1060
906
303
-452
-983
-1027
-563
181
834
1073
778
97
-635
-1050
-944
-368
392
955
1042
610
-128
-802
-1077
-814
-144
597
1039
961
401
-360
-941
-1053
-636
99
784
1075
825
159
-587
-1038
-969
-412
352
939
1051
633
-104
-790
-1078
-822
-151
595
1041
959
392
-375
-953
-1049
-613
132
810
1077
797
111
-632
-1054
-941
-349
419
974
1032
564
-193
-853
-1078
-754
-45
686
1066
900
273
-494
-1010
-1009
-492
277
903
1066
681
-54
-762
-1080
-843
-172
586
1043
961
385
-391
-966
-1044
-584
177
846
1078
751
37
-698
-1073
-893
-252
520
1022
993
448
-329
-937
-1059
-631
124
815
1081
784
79
-668
-1069
-913
-281
497
1014
1002
466
-314
-932
-1062
-638
120
815
1082
783
72
-676
-1071
-905
-263
516
1023
993
439
-346
-951
-1055
-605
163
845
1081
745
15
-723
-1081
-868
-197
577
1046
960
366
-424
-989
-1032
-527
257
903
1071
668
-90
-801
-1087
-796
-81
676
1073
897
242
-542
-1039
-981
-401
393
977
1037
543
-243
-900
-1075
-676
86
801
1086
787
66
-692
-1080
-887
-219
567
1047
964
360
-437
-1001
-1025
-497
298
933
1063
619
-161
-854
-1086
-731
19
758
1086
825
116
-657
-1075
-909
-252
543
1042
974
375
-428
-999
-1028
-497
304
939
1061
604
-184
-871
-1084
-705
59
790
1089
790
59
-707
-1086
-870
-179
611
1064
934
289
-515
-1036
-989
-399
411
993
1028
496
-311
-947
-1062
-591
205
888
1081
674
-104
-826
-1092
-754
1
755
1090
820
94
-685
-1085
-884
-192
606
1066
933
280
-530
-1045
-979
-368
448
1014
1013
447
-369
-981
-1045
-525
287
938
1064
594
-211
-897
-1082
-660
131
848
1090
718
-58
-803
-1096
-773
-17
749
1093
821
85
-698
-1090
-867
-154
644
1078
902
216
-594
-1069
-940
-279
539
1050
966
333
-489
-1036
-995
-389
437
1014
1014
437
-390
-996
-1035
-485
340
971
1048
527
-297
-952
-1063
-568
252
927
1072
603
-213
-907
-1082
-638
171
882
1086
665
-138
-863
-1094
-695
101
840
1094
718
-73
-822
-1099
-741
42
801
1097
759
-19
-787
-1100
-778
-6
769
1098
791
24
-757
-1100
-806
-44
743
1098
814
56
-735
-1099
-824
-70
725
1097
829
77
-720
-1098
-836
-85
714
1096
837
87
-714
-1099
-839
-90
712
1097
837
86
-717
-1100
-837
-84
718
1097
830
73
-728
-1101
-827
-65
734
1099
815
50
-747
-1102
-808
-36
757
1102
793
15
-773
-1104
-781
3
786
1101
763
-31
-806
-1104
-745
55
823
1100
722
-87
-845
-1100
-701
116
864
1095
671
-154
-889
-1092
-643
190
908
1083
607
-232
-934
-1076
-574
273
955
1063
532
-320
-980
-1052
-492
364
1000
1034
443
-415
-1024
-1016
-395
464
1043
990
339
-518
-1062
-965
-285
567
1075
930
221
-623
-1091
-897
-159
675
1098
854
89
-731
-1107
-810
-21
780
1106
756
-55
-834
-1105
-702
129
880
1094
637
-209
-929
-1081
-571
288
970
1057
496
-370
-1010
-1031
-419
450
1041
992
333
-533
-1071
-951
-246
611
1089
896
149
-690
-1106
-838
-54
764
1108
767
-50
-837
-1107
-691
151
899
1089
603
-258
-961
-1067
-512
361
1009
1029
408
-467
-1052
-983
-302
567
1082
922
186
-667
-1104
-852
-68
758
1109
768
-56
-844
-1106
-675
179
919
1083
567
-306
-989
-1051
-454
428
1040
997
327
-550
-1081
-932
-196
663
1103
848
57
-772
-1113
-753
83
866
1100
638
-229
-952
-1073
-515
369
1018
1021
377
-509
-1072
-955
-231
638
1101
864
76
-761
-1114
-759
79
867
1100
632
-241
-961
-1068
-494
396
1032
1008
339
-549
-1086
-928
-176
688
1110
820
4
-816
-1112
-695
168
924
1084
547
-343
-1013
-1033
-387
507
1073
946
209
-664
-1110
-840
-27
802
1113
704
-161
-923
-1087
-549
344
1015
1026
372
-525
-1082
-938
-185
687
1112
814
-16
-834
-1112
-666
213
953
1071
490
-411
-1045
-998
-300
593
1099
885
92
-762
-1119
-744
117
901
1094
569
-330
-1013
-1033
-376
528
1085
928
161
-713
-1118
-788
60
868
1104
612
-285
-995
-1049
-412
496
1077
945
189
-693
-1118
-803
42
859
1106
621
-277
-993
-1051
-412
499
1078
940
177
-705
-1119
-791
63
875
1102
596
-309
-1010
-1038
-375
537
1089
914
128
-745
-1122
-749
124
913
1090
537
-377
-1040
-1006
-299
609
1107
862
37
-813
-1119
-674
224
970
1063
440
-480
-1077
-950
-183
707
1119
776
-92
-899
-1099
-558
360
1035
1009
300
-613
-1112
-858
-25
825
1115
647
-260
-992
-1052
-398
526
1091
914
115
-764
-1124
-720
174
948
1076
469
-458
-1074
-959
-189
708
1121
767
-113
-916
-1095
-525
403
1054
982
236
-674
-1122
-803
67
890
1101
555
-374
-1046
-1000
-267
650
1118
817
-49
-881
-1107
-570
358
1039
1003
272
-647
-1120
-820
46
880
1105
564
-368
-1046
-1000
-261
657
1120
805
-69
-897
-1102
-543
393
1055
983
226
-689
-1126
-778
110
921
1089
497
-443
-1075
-958
-172
733
1126
730
-176
-960
-1073
-436
506
1094
914
93
-794
-1125
-668
257
1001
1041
348
-590
-1115
-856
4
861
1112
579
-363
-1049
-997
-242
682
1125
773
-126
-937
-1086
-468
480
1089
926
107
-789
-1128
-667
265
1008
1036
328
-613
-1121
-833
47
892
1102
528
-423
-1074
-962
-165
748
1127
702
-225
-993
-1053
-363
586
1116
847
-28
-884
-1109
-541
413
1071
960
162
-755
-1130
-696
237
1000
1045
338
-611
-1122
-827
63
907
1097
497
-462
-1090
-933
-106
798
1124
639
-309
-1036
-1015
-262
679
1129
761
-159
-965
-1073
-406
555
1112
863
-14
-881
-1110
-534
430
1080
946
123
-791
-1130
-648
305
1035
1010
249
-696
-1133
-746
185
980
1058
363
-599
-1124
-829
71
919
1093
466
-503
-1105
-898
-34
854
1115
557
-412
-1079
-955
-130
789
1128
637
-324
-1047
-1000
-217
725
1133
705
-244
-1013
-1037
-295
663
1131
762
-171
-979
-1064
-362
606
1125
811
-106
-945
-1085
-421
553
1117
850
-49
-913
-1099
-470
509
1109
883
0
-884
-1111
-511
469
1099
908
39
-860
-1118
-543
438
1090
927
70
-841
-1123
-566
414
1083
940
92
-827
-1126
-582
398
1079
949
106
-818
-1128
-591
390
1077
952
111
-816
-1128
-591
391
1078
951
106
-820
-1128
-585
400
1082
946
94
-830
-1126
-571
416
1088
935
72
-845
-1123
-549
441
1095
917
42
-867
-1117
-519
473
1105
894
2
-893
-1109
-481
513
1114
865
-46
-923
-1096
-433
561
1125
829
-102
-955
-1078
-377
613
1133
784
-166
-990
-1055
-311
672
1138
729
-240
-1026
-1024
-235
735
1138
665
-321
-1060
-984
-149
799
1131
588
-409
-1092
-933
-55
865
1115
502
-501
-1118
-871
50
930
1089
403
-597
-1136
-793
163
991
1050
292
-694
-1142
-702
283
1046
995
168
-791
-1136
-596
407
1093
925
35
-883
-1113
-474
534
1124
835
-109
-969
-1072
-336
661
1140
726
-259
-1041
-1008
-184
783
1135
596
-412
-1098
-921
-21
894
1105
445
-566
-1133
-809
152
993
1049
278
-715
-1143
-671
330
1070
963
93
-851
-1123
-508
509
1122
847
-101
-969
-1070
-324
679
1142
698
-302
-1062
-980
-120
836
1125
520
-500
-1123
-852
97
968
1068
315
-690
-1146
-689
318
1068
965
90
-859
-1121
-488
535
1130
819
-148
-998
-1049
-260
736
1142
630
-388
-1096
-925
-12
910
1099
403
-618
-1144
-750
246
1043
999
149
-822
-1132
-529
499
1124
841
-123
-988
-1057
-271
732
1142
628
-397
-1101
-916
11
926
1090
369
-653
-1148
-711
301
1068
966
78
-875
-1117
-453
579
1139
769
-228
-1041
-1007
-154
824
1129
512
-524
-1134
-818
165
1012
1032
207
-788
-1140
-559
479
1123
846
-125
-996
-1051
-246
761
1141
585
-453
-1121
-867
97
981
1057
263
-749
-1146
-600
440
1116
871
-92
-981
-1062
-266
747
1143
593
-448
-1120
-867
102
986
1054
248
-764
-1144
-577
468
1124
847
-133
-1004
-1043
-217
789
1138
541
-507
-1133
-819
178
1025
1018
163
-830
-1132
-491
558
1141
771
-244
-1056
-987
-94
877
1114
420
-627
-1150
-711
323
1085
938
4
-935
-1091
-332
704
1149
628
-420
-1117
-876
100
992
1048
222
-793
-1140
-529
527
1139
788
-227
-1052
-991
-95
881
1111
402
-648
-1151
-683
363
1101
907
-57
-973
-1067
-257
769
1142
546
-514
-1140
-799
219
1049
988
85
-892
-1111
-387
666
1151
655
-399
-1115
-881
103
998
1042
195
-819
-1135
-483
581
1148
733
-310
-1088
-936
16
955
1075
274
-763
-1146
-549
518
1140
782
-248
-1067
-971
-41
923
1092
322
-726
-1151
-587
483
1135
809
-215
-1056
-986
-68
908
1100
341
-713
-1153
-597
473
1134
812
-213
-1056
-986
-64
913
1098
330
-724
-1152
-581
492
1138
795
-240
-1067
-968
-28
936
1086
290
-759
-1148
-539
539
1146
754
-297
-1090
-933
36
973
1060
219
-814
-1137
-468
610
1153
686
-382
-1117
-876
132
1023
1016
118
-886
-1113
-364
703
1153
588
-494
-1143
-789
258
1077
948
-17
-968
-1067
-227
812
1135
457
-625
-1157
-669
408
1125
846
-181
-1050
-992
-57
926
1089
287
-770
-1147
-509
579
1152
704
-371
-1117
-874
145
1034
1004
80
-915
-1098
-307
758
1147
514
-577
-1156
-706
371
1117
866
-159
-1044
-998
-62
928
1089
276
-785
-1145
-482
611
1156
665
-422
-1133
-831
215
1067
961
-8
-971
-1064
-203
840
1128
402
-685
-1158
-590
508
1148
754
-320
-1106
-898
119
1028
1009
79
-923
-1094
-278
788
1142
463
-635
-1160
-637
460
1141
789
-279
-1096
-920
89
1016
1022
100
-913
-1099
-289
783
1143
464
-637
-1161
-630
474
1145
773
-303
-1105
-901
122
1033
1002
56
-942
-1082
-235
826
1132
403
-695
-1159
-565
544
1155
707
-390
-1131
-838
222
1077
945
-55
-1005
-1035
-116
908
1097
278
-799
-1143
-438
669
1159
582
-532
-1157
-719
381
1128
835
-230
-1083
-939
71
1015
1021
84
-932
-1087
-239
829
1130
385
-719
-1157
-527
591
1160
653
-460
-1148
-772
319
1114
873
-179
-1066
-964
33
998
1034
107
-921
-1094
-249
826
1131
381
-725
-1157
-512
611
1161
627
-494
-1155
-739
367
1129
834
-241
-1092
-923
110
1038
994
17
-977
-1056
-147
900
1101
269
-816
-1136
-389
722
1155
501
-625
-1164
-610
517
1157
707
-411
-1142
-798
297
1112
877
-186
-1074
-950
70
1023
1009
39
-968
-1062
-152
901
1101
258
-829
-1133
-364
749
1151
460
-668
-1164
-556
578
1163
642
-490
-1158
-726
395
1139
798
-304
-1118
-869
206
1084
927
-114
-1049
-984
18
1002
1029
73
-955
-1070
-164
898
1101
250
-841
-1128
-335
777
1145
415
-714
-1160
-495
644
1164
565
-576
-1166
-637
503
1159
700
-434
-1151
-763
359
1134
816
-289
-1117
-870
215
1092
914
-146
-1067
-958
74
1034
995
-8
-1003
-1030
-61
966
1057
124
-931
-1085
-190
888
1105
249
-850
-1125
-311
805
1137
363
-765
-1152
-420
719
1157
469
-676
-1165
-520
631
1166
564
-589
-1170
-611
543
1165
649
-502
-1164
-690
457
1156
724
-418
-1152
-760
375
1142
790
-338
-1135
-822
296
1122
847
-261
-1114
-875
223
1100
896
-190
-1090
-919
154
1076
937
-126
-1065
-957
92
1050
972
-67
-1040
-988
38
1026
1000
-14
-1016
-1014
-11
1003
1024
31
-993
-1036
-54
981
1043
70
-974
-1053
-89
962
1057
102
-956
-1066
-119
945
1068
128
-941
-1076
-141
933
1077
147
-931
-1082
-157
924
1082
159
-924
-1086
-165
919
1085
166
-921
-1088
-168
919
1086
165
-922
-1087
-165
921
1083
157
-928
-1083
-153
929
1079
144
-936
-1077
-137
941
1071
124
-949
-1069
-114
954
1060
96
-966
-1056
-82
973
1047
63
-985
-1040
-45
994
1029
23
-1007
-1020
-2
1016
1006
-25
-1032
-994
48
1042
979
-79
-1057
-964
105
1067
944
-138
-1083
-927
168
1092
905
-205
-1107
-884
238
1116
856
-277
-1130
-832
313
1137
801
-355
-1149
-772
392
1155
736
-436
-1164
-703
476
1167
662
-522
-1173
-625
562
1172
579
-610
-1174
-535
651
1167
484
-698
-1165
-437
739
1153
379
-787
-1145
-327
827
1127
266
-871
-1112
-207
909
1088
143
-951
-1064
-79
986
1032
11
-1023
-1001
56
1054
960
-128
-1084
-919
197
1109
870
-272
-1132
-820
342
1148
761
-418
-1165
-703
487
1170
635
-562
-1176
-568
631
1171
491
-702
-1165
-416
766
1147
330
-832
-1128
-247
890
1098
158
-949
-1065
-69
997
1020
-27
-1046
-971
120
1085
913
-217
-1120
-850
310
1144
777
-408
-1164
-700
499
1172
613
-592
-1176
-523
679
1166
425
-765
-1151
-326
841
1120
217
-916
-1085
-110
980
1034
-5
-1041
-977
117
1087
906
-234
-1128
-829
345
1154
739
-460
-1174
-644
566
1175
536
-672
-1169
-425
769
1146
304
-861
-1114
-183
941
1063
52
-1015
-1003
76
1073
926
-210
-1123
-841
337
1154
738
-466
-1175
-630
587
1175
506
-705
-1164
-379
810
1132
241
-909
-1088
-101
991
1020
-46
-1064
-942
190
1117
845
-336
-1156
-736
475
1174
610
-611
-1176
-477
734
1154
331
-852
-1117
-181
948
1054
21
-1037
-978
135
1101
876
-296
-1150
-762
448
1174
628
-598
-1178
-485
732
1155
325
-859
-1113
-162
963
1042
-10
-1054
-955
180
1118
840
-351
-1162
-712
512
1178
562
-667
-1170
-401
805
1133
225
-929
-1071
-47
1027
979
-139
-1108
-868
318
1155
729
-496
-1180
-576
658
1170
401
-808
-1133
-219
935
1063
25
-1042
-968
167
1117
841
-361
-1166
-692
541
1179
520
-712
-1162
-335
859
1107
134
-988
-1024
67
1082
903
-273
-1149
-760
467
1177
586
-653
-1174
-398
816
1127
191
-957
-1048
20
1065
929
-236
-1142
-784
442
1177
606
-638
-1176
-410
809
1129
194
-958
-1047
26
1069
923
-252
-1147
-767
465
1178
579
-668
-1171
-372
841
1115
143
-989
-1020
86
1094
879
-320
-1163
-708
537
1181
503
-738
-1155
-281
907
1078
40
-1044
-960
199
1134
796
-436
-1180
-601
651
1170
375
-844
-1116
-135
996
1006
-118
-1110
-855
361
1170
659
-595
-1181
-437
797
1132
188
-970
-1035
67
1091
882
-325
-1167
-692
564
1180
460
-782
-1141
-210
957
1039
-58
-1091
-889
320
1165
688
-570
-1182
-454
789
1136
191
-971
-1030
81
1099
866
-353
-1172
-659
604
1178
409
-827
-1122
-140
1000
999
-143
-1123
-823
416
1179
594
-670
-1170
-334
883
1089
47
-1050
-948
237
1150
744
-515
-1185
-498
759
1144
217
-961
-1038
76
1101
861
-369
-1176
-632
638
1174
359
-870
-1099
-65
1043
948
-240
-1153
-739
526
1183
476
-782
-1139
-182
983
1013
-128
-1122
-821
428
1181
568
-704
-1162
-277
928
1058
-39
-1092
-881
349
1174
636
-641
-1176
-347
883
1087
28
-1065
-922
290
1165
684
-594
-1182
-396
849
1105
72
-1045
-948
253
1158
711
-566
-1184
-423
831
1114
95
-1036
-958
237
1155
721
-557
-1186
-429
827
1114
95
-1038
-956
244
1157
713
-568
-1184
-413
842
1108
72
-1049
-940
272
1164
687
-599
-1182
-376
871
1092
27
-1071
-910
322
1173
641
-648
-1174
-317
913
1064
-41
-1099
-861
393
1181
574
-715
-1159
-235
966
1023
-132
-1132
-794
483
1186
483
-795
-1132
-129
1025
962
-243
-1161
-703
589
1181
369
-883
-1086
0
1086
879
-374
-1183
-586
708
1157
227
-976
-1017
152
1139
766
-521
-1189
-440
833
1110
59
-1063
-918
323
1175
622
-678
-1168
-262
956
1029
-131
-1135
-781
507
1186
442
-834
-1112
-57
1065
908
-341
-1182
-604
697
1159
227
-980
-1011
173
1147
740
-560
-1186
-386
877
1083
-18
-1100
-857
417
1187
522
-773
-1138
-131
1033
947
-285
-1175
-647
662
1167
259
-965
-1024
156
1144
746
-557
-1187
-379
887
1077
-40
-1109
-834
452
1188
480
-813
-1120
-67
1066
902
-360
-1185
-570
738
1147
157
-1024
-960
273
1172
642
-672
-1167
-241
979
1002
-199
-1159
-706
608
1178
307
-941
-1040
132
1140
752
-557
-1187
-364
903
1063
-81
-1127
-793
512
1189
406
-877
-1084
37
1112
819
-481
-1192
-439
852
1094
-11
-1104
-840
457
1190
457
-840
-1104
-8
1097
849
-447
-1193
-468
832
1105
12
-1097
-853
443
1190
464
-837
-1106
-8
1098
844
-456
-1193
-453
845
1096
-12
-1108
-830
475
1190
427
-868
-1088
42
1117
805
-509
-1192
-393
892
1067
-86
-1134
-772
549
1186
345
-928
-1045
138
1148
725
-603
-1180
-286
964
1010
-206
-1166
-671
662
1166
211
-1010
-970
280
1179
600
-731
-1149
-129
1051
912
-370
-1192
-520
803
1117
29
-1096
-847
465
1191
421
-880
-1076
79
1134
762
-570
-1186
-312
954
1017
-202
-1169
-664
676
1162
183
-1029
-944
331
1186
544
-787
-1125
-44
1092
846
-471
-1194
-410
891
1063
-113
-1148
-732
609
1177
252
-994
-982
273
1180
589
-751
-1140
-83
1078
869
-445
-1195
-428
881
1069
-104
-1146
-732
612
1176
242
-1002
-971
296
1185
562
-778
-1128
-40
1098
834
-495
-1193
-369
925
1037
-177
-1166
-666
685
1158
149
-1053
-909
397
1193
459
-865
-1082
85
1142
733
-617
-1178
-229
1012
952
-331
-1191
-523
816
1106
-27
-1126
-778
570
1183
273
-990
-980
291
1185
551
-795
-1118
-2
1116
793
-554
-1189
-291
981
984
-285
-1188
-557
791
1116
-4
-1121
-789
561
1184
273
-994
-975
305
1188
529
-817
-1107
38
1131
755
-603
-1180
-228
1019
940
-361
-1196
-478
860
1078
-108
-1155
-701
663
1163
146
-1062
-889
441
1195
389
-925
-1035
204
1175
612
-752
-1135
-38
1108
805
-551
-1189
-274
997
963
-334
-1195
-493
852
1080
-107
-1156
-692
678
1158
117
-1078
-861
484
1192
335
-965
-999
278
1187
535
-823
-1101
66
1145
715
-658
-1167
-142
1068
869
-476
-1196
-341
962
995
-287
-1192
-527
832
1091
-92
-1155
-694
683
1155
99
-1090
-840
519
1190
284
-999
-962
347
1194
457
-888
-1058
173
1173
617
-760
-1129
-1
1127
758
-619
-1175
-172
1059
880
-470
-1197
-334
972
983
-317
-1196
-485
870
1064
-162
-1174
-623
757
1126
-9
-1133
-748
635
1167
139
-1077
-857
507
1190
281
-1007
-950
376
1197
415
-924
-1028
244
1187
538
-834
-1090
114
1163
650
-737
-1137
-13
1127
752
-635
-1170
-135
1080
842
-530
-1191
-251
1025
921
-425
-1200
-360
964
988
-320
-1198
-462
896
1045
-217
-1186
-556
824
1090
-117
-1168
-642
750
1126
-22
-1143
-720
676
1155
69
-1111
-789
600
1175
156
-1076
-851
527
1189
237
-1038
-905
455
1196
312
-997
-954
385
1198
381
-956
-995
318
1197
445
-914
-1030
255
1192
504
-872
-1060
196
1184
556
-832
-1085
141
1174
603
-794
-1108
90
1163
644
-757
-1126
44
1151
681
-723
-1139
3
1139
713
-692
-1151
-35
1128
742
-663
-1160
-66
1117
765
-638
-1167
-94
1107
785
-618
-1173
-117
1097
800
-601
-1177
-134
1092
812
-588
-1179
-147
1087
821
-578
-1182
-155
1084
826
-574
-1182
-159
1082
827
-573
-1183
-159
1083
824
-577
-1182
-152
1087
820
-584
-1180
-142
1091
810
-595
-1177
-127
1098
798
-611
-1173
-108
1105
781
-630
-1168
-83
1116
762
-653
-1161
-54
1127
737
-681
-1152
-20
1139
708
-711
-1141
18
1150
675
-744
-1127
62
1162
638
-780
-1110
110
1174
594
-818
-1089
162
1184
547
-858
-1063
219
1192
493
-899
-1032
281
1199
434
-941
-997
345
1201
368
-983
-956
413
1200
299
-1025
-908
484
1194
222
-1064
-853
557
1181
140
-1101
-792
633
1163
51
-1135
-722
707
1135
-41
-1162
-644
782
1101
-138
-1184
-558
856
1058
-238
-1198
-463
926
1003
-343
-1205
-363
992
938
-447
-1200
-252
1052
862
-553
-1185
-136
1105
774
-658
-1157
-14
1147
674
-759
-1115
115
1179
563
-857
-1059
245
1198
442
-946
-987
378
1202
311
-1026
-900
509
1190
169
-1095
-797
638
1158
21
-1149
-678
761
1109
-131
-1186
-544
875
1040
-287
-1204
-397
977
949
-442
-1201
-239
1064
838
-593
-1174
-71
1133
707
-737
-1123
103
1180
558
-868
-1047
279
1202
392
-984
-944
455
1198
213
-1079
-818
622
1162
24
-1151
-666
778
1098
-170
-1194
-495
918
1001
-365
-1207
-305
1035
875
-554
-1184
-101
1125
720
-730
-1124
110
1183
539
-889
-1030
322
1204
337
-1021
-899
528
1186
119
-1122
-734
720
1125
-107
-1185
-539
891
1022
-336
-1206
-321
1031
879
-555
-1182
-86
1134
698
-757
-1110
156
1192
486
-932
-990
397
1203
248
-1070
-825
626
1160
-4
-1164
-621
829
1064
-262
-1205
-384
999
916
-512
-1190
-124
1123
720
-741
-1116
146
1192
486
-937
-983
413
1201
220
-1086
-796
664
1146
-60
-1179
-563
881
1025
-343
-1207
-294
1052
844
-611
-1166
-2
1163
609
-846
-1054
293
1206
335
-1033
-875
575
1173
35
-1157
-638
824
1064
-273
-1207
-354
1022
881
-568
-1177
-42
1153
636
-827
-1065
277
1206
342
-1031
-875
580
1171
19
-1163
-618
844
1048
-310
-1208
-309
1049
843
-621
-1162
26
1173
569
-886
-1021
365
1205
245
-1082
-795
678
1137
-105
-1192
-499
938
972
-449
-1199
-157
1118
717
-759
-1102
204
1203
397
-1005
-903
551
1177
35
-1162
-618
850
1040
-333
-1209
-270
1072
803
-676
-1140
108
1191
481
-955
-956
480
1192
109
-1139
-672
807
1070
-281
-1209
-316
1052
831
-645
-1151
79
1187
501
-944
-965
470
1193
111
-1141
-671
812
1064
-295
-1210
-295
1064
810
-673
-1138
119
1195
458
-975
-932
522
1182
46
-1162
-609
866
1025
-376
-1207
-206
1106
736
-754
-1099
226
1207
350
-1041
-849
633
1150
-87
-1194
-484
961
938
-516
-1186
-49
1161
597
-880
-1016
398
1203
170
-1124
-703
790
1073
-287
-1211
-285
1074
789
-706
-1122
178
1204
384
-1025
-866
619
1153
-83
-1194
-477
969
926
-541
-1180
-11
1174
552
-918
-980
462
1193
87
-1154
-624
865
1021
-396
-1205
-161
1129
678
-820
-1057
333
1208
220
-1109
-729
773
1081
-282
-1211
-273
1085
766
-738
-1104
235
1208
313
-1069
-799
704
1117
-201
-1209
-347
1051
820
-683
-1129
172
1205
369
-1041
-838
664
1134
-157
-1206
-385
1032
845
-656
-1139
147
1203
388
-1033
-849
653
1138
-149
-1206
-387
1033
842
-661
-1137
157
1205
373
-1042
-834
673
1128
-179
-1208
-353
1052
814
-697
-1121
205
1209
321
-1070
-790
724
1104
-245
-1212
-284
1087
754
-761
-1087
289
1209
233
-1111
-715
800
1059
-346
-1210
-177
1131
661
-850
-1028
406
1200
106
-1157
-603
898
985
-479
-1191
-31
1176
529
-953
-936
554
1170
-59
-1196
-449
1005
873
-638
-1143
154
1206
353
-1060
-801
721
1102
-261
-1214
-250
1106
711
-811
-1052
370
1205
131
-1152
-612
896
983
-488
-1187
-5
1183
494
-981
-903
606
1150
-134
-1208
-366
1055
799
-728
-1099
275
1211
220
-1123
-681
842
1024
-425
-1199
-65
1171
540
-954
-930
573
1161
-105
-1205
-386
1047
807
-723
-1101
276
1211
209
-1129
-666
859
1008
-457
-1194
-24
1183
495
-986
-891
629
1140
-176
-1212
-308
1088
739
-796
-1057
376
1204
99
-1167
-562
942
932
-578
-1162
118
1205
354
-1069
-776
763
1072
-344
-1209
-129
1157
580
-933
-945
563
1162
-113
-1208
-357
1067
769
-772
-1070
356
1205
108
-1166
-559
949
922
-596
-1153
152
1211
309
-1093
-730
812
1038
-419
-1199
-41
1182
488
-998
-869
666
1121
-244
-1215
-218
1130
643
-891
-981
519
1174
-80
-1206
-375
1063
772
-776
-1064
377
1203
71
-1178
-513
986
877
-661
-1125
241
1212
205
-1138
-629
904
961
-552
-1166
121
1209
322
-1092
-726
825
1025
-451
-1192
13
1196
422
-1043
-804
749
1075
-361
-1207
-80
1177
504
-996
-866
681
1110
-283
-1214
-156
1156
570
-953
-914
624
1136
-219
-1215
-217
1137
620
-918
-949
578
1153
-171
-1215
-262
1121
656
-890
-973
545
1163
-138
-1215
-292
1109
679
-873
-987
526
1169
-119
-1213
-307
1104
689
-866
-992
520
1171
-116
-1213
-306
1104
686
-871
-988
528
1168
-128
-1213
-290
1112
670
-885
-975
549
1160
-155
-1215
-260
1125
641
-909
-952
585
1148
-199
-1217
-214
1143
597
-943
-917
633
1127
-257
-1216
-152
1164
540
-985
-870
693
1100
-329
-1210
-75
1184
466
-1031
-809
762
1059
-415
-1197
17
1201
374
-1081
-732
838
1004
-512
-1173
126
1213
267
-1129
-636
919
933
-619
-1135
250
1214
141
-1170
-521
1001
841
-733
-1079
384
1199
-2
-1202
-385
1077
727
-847
-999
528
1165
-160
-1217
-227
1144
588
-959
-892
676
1104
-330
-1210
-52
1191
423
-1061
-758
822
1012
-508
-1173
140
1214
234
-1144
-591
959
886
-687
-1101
345
1204
24
-1199
-395
1077
723
-857
-987
553
1154
-202
-1218
-171
1164
522
-1007
-830
754
1057
-437
-1191
75
1211
286
-1128
-628
936
907
-667
-1108
334
1206
24
-1201
-384
1085
705
-877
-967
589
1139
-255
-1217
-106
1183
452
-1052
-764
826
1004
-534
-1162
192
1217
160
-1172
-502
1024
799
-794
-1030
494
1171
-159
-1219
-195
1161
527
-1012
-819
775
1039
-480
-1177
142
1216
203
-1161
-534
1007
818
-777
-1040
483
1174
-153
-1219
-192
1164
516
-1020
-804
793
1024
-510
-1168
183
1218
154
-1176
-481
1042
768
-830
-998
554
1150
-239
-1218
-97
1189
420
-1076
-716
878
954
-621
-1125
312
1208
12
-1206
-340
1113
638
-943
-895
700
1080
-412
-1193
91
1215
231
-1156
-541
1010
807
-798
-1021
525
1158
-222
-1218
-102
1190
412
-1084
-699
899
932
-657
-1106
367
1199
-57
-1216
-260
1146
556
-1005
-817
792
1019
-532
-1158
233
1215
76
-1198
-384
1098
663
-931
-900
701
1077
-430
-1187
129
1218
177
-1175
-475
1055
737
-872
-957
631
1112
-355
-1202
54
1214
244
-1156
-533
1022
782
-832
-990
587
1131
-312
-1210
13
1211
280
-1145
-560
1007
803
-814
-1002
570
1138
-298
-1211
4
1210
284
-1144
-559
1009
798
-821
-996
581
1132
-316
-1209
28
1213
257
-1155
-530
1029
769
-850
-971
622
1113
-365
-1201
83
1217
196
-1174
-470
1064
713
-901
-923
688
1078
-443
-1181
171
1218
104
-1197
-378
1109
627
-970
-849
776
1021
-548
-1146
290
1209
-22
-1216
-251
1159
508
-1047
-742
881
934
-677
-1086
435
1179
-180
-1221
-91
1199
350
-1125
-598
993
810
-820
-990
603
1118
-365
-1199
104
1219
154
-1188
-411
1099
642
-964
-849
782
1012
-570
-1136
329
1202
-78
-1220
-180
1181
425
-1095
-655
956
851
-782
-1016
571
1131
-340
-1203
90
1219
158
-1190
-403
1105
626
-980
-827
811
989
-612
-1115
386
1190
-149
-1222
-98
1200
336
-1135
-564
1022
764
-873
-939
686
1071
-477
-1168
246
1213
-10
-1218
-229
1170
454
-1085
-667
954
849
-793
-1004
598
1116
-387
-1192
157
1220
74
-1208
-303
1149
519
-1052
-719
915
889
-752
-1031
556
1133
-347
-1200
123
1221
101
-1203
-324
1142
532
-1047
-726
912
891
-752
-1029
563
1129
-362
-1197
143
1220
73
-1210
-293
1154
496
-1069
-688
945
853
-796
-996
619
1102
-428
-1180
219
1215
-10
-1220
-205
1181
407
-1114
-601
1008
772
-878
-924
719
1045
-542
-1139
348
1196
-148
-1223
-60
1211
260
-1169
-459
1091
637
-987
-803
852
943
-698
-1059
523
1142
-338
-1201
140
1220
56
-1214
-254
1171
441
-1102
-620
1000
778
-878
-919
731
1033
-570
-1126
389
1185
-206
-1219
13
1220
175
-1194
-362
1135
535
-1055
-700
946
843
-820
-970
669
1069
-509
-1149
333
1197
-155
-1222
-29
1216
209
-1187
-387
1128
553
-1048
-708
942
844
-821
-967
677
1063
-525
-1142
358
1191
-189
-1221
11
1219
159
-1200
-332
1150
492
-1083
-647
990
783
-883
-908
754
1012
-616
-1098
462
1160
-305
-1204
139
1220
25
-1220
-193
1191
351
-1147
-506
1077
649
-993
-783
887
898
-771
-1001
637
1083
-497
-1150
346
1193
-194
-1220
34
1222
120
-1209
-276
1172
423
-1120
-566
1047
696
-961
-818
857
923
-746
-1018
617
1091
-486
-1153
342
1192
-200
-1218
50
1223
95
-1213
-243
1182
381
-1139
-518
1076
643
-1003
-762
911
867
-813
-964
699
1041
-583
-1111
452
1159
-323
-1199
185
1217
-50
-1226
-90
1213
222
-1191
-356
1149
480
-1099
-602
1031
713
-956
-818
865
908
-771
-993
663
1062
-553
-1122
432
1165
-312
-1200
186
1218
-61
-1226
-67
1217
189
-1200
-312
1167
429
-1125
-543
1069
648
-1006
-749
930
839
-851
-923
759
996
-664
-1061
560
1113
-456
-1158
344
1190
-234
-1214
118
1222
-7
-1225
-109
1212
218
-1195
-329
1163
432
-1126
-536
1077
630
-1022
-722
956
804
-888
-884
809
952
-728
-1017
640
1071
-550
-1118
454
1155
-359
-1188
257
1206
-161
-1222
58
1224
40
-1222
-140
1210
236
-1193
-333
1164
422
-1134
-513
1091
596
-1048
-679
993
753
-939
-826
874
889
-809
-952
737
1004
-665
-1055
585
1095
-509
-1135
425
1162
-345
-1189
259
1204
-177
-1220
90
1224
-8
-1226
-77
1219
156
-1212
-240
1193
316
-1174
-395
1147
467
-1119
-542
1081
608
-1045
-676
1001
735
-958
-797
906
850
-857
-904
801
950
-747
-996
686
1034
-628
-1073
564
1103
-503
-1134
437
1156
-375
-1179
308
1194
-245
-1209
178
1216
-115
-1224
50
1226
13
-1226
-78
1221
138
-1216
-199
1204
257
-1193
-318
1176
373
-1160
-429
1138
481
-1118
-534
1091
582
-1067
-633
1036
676
-1009
-722
975
762
-945
-805
908
841
-876
-879
837
911
-803
-945
764
973
-728
-1003
688
1028
-650
-1054
610
1074
-572
-1097
531
1114
-494
-1133
452
1146
-415
-1163
374
1173
-338
-1187
298
1194
-262
-1204
223
1209
-189
-1217
151
1218
-117
-1225
81
1224
-49
-1228
14
1226
17
-1228
-51
1224
80
-1224
-111
1220
139
-1219
-169
1213
195
-1211
-224
1204
247
-1200
-274
1193
296
-1189
-322
1180
342
-1177
-366
1168
384
-1163
-405
1154
423
-1150
-443
1141
459
-1136
-476
1127
491
-1123
-508
1114
520
-1109
-535
1101
545
-1098
-560
1090
568
-1086
-580
1079
588
-1076
-599
1069
605
-1066
-615
1060
619
-1059
-628
1053
631
-1052
-638
1048
640
-1047
-645
1044
645
-1044
-650
1041
648
-1042
-652
1040
