1126
1126
1126
1126
1126
1126
1126
1126
1126
1126
1126
1126
1126
1126
1126
1126
1126
1126
1126
1125
1125
1125
1125
1125
1125
1125
1124
1124
1124
1124
1123
1123
1123
1122
1122
1121
1121
1120
1119
1119
1118
1117
1116
1115
1114
1113
1112
1111
1109
1108
1106
1105
1103
1101
1099
1097
1095
1093
1090
1088
1085
1082
1080
1077
1073
1070
1067
1063
1059
1055
1051
1047
1042
1037
1033
1028
1022
1017
1011
1005
999
993
986
980
973
965
958
950
942
934
926
917
908
899
889
879
869
859
848
837
826
814
803
790
778
765
752
739
725
711
697
683
668
653
637
621
605
589
572
555
538
520
502
484
466
447
428
408
389
369
349
328
308
287
265
244
222
201
179
156
134
111
89
66
43
19
-4
-27
-51
-74
-98
-122
-145
-169
-193
-217
-240
-264
-287
-311
-334
-358
-381
-403
-426
-449
-471
-493
-515
-536
-557
-578
-598
-618
-638
-657
-676
-694
-711
-729
-745
-761
-777
-791
-805
-819
-831
-843
-854
-865
-875
-883
-891
-898
-905
-910
-914
-918
-920
-922
-922
-922
-920
-917
-914
-909
-903
-896
-889
-880
-869
-858
-846
-832
-818
-802
-785
-767
-748
-728
-707
-685
-661
-637
-612
-585
-558
-530
-501
-471
-440
-408
-375
-342
-308
-273
-237
-201
-164
-127
-90
-51
-13
26
65
104
144
183
223
263
302
342
381
420
458
496
534
571
607
643
678
712
745
778
809
839
868
896
922
947
971
993
1014
1033
1051
1066
1080
1092
1103
1111
1118
1123
1125
1126
1125
1121
1116
1108
1098
1087
1073
1057
1039
1019
998
974
948
920
890
859
825
790
754
716
676
635
592
548
503
457
410
362
313
264
214
163
113
62
11
-40
-91
-141
-191
-240
-289
-337
-383
-429
-473
-516
-558
-597
-635
-672
-706
-738
-767
-795
-820
-842
-862
-879
-893
-905
-913
-919
-922
-922
-918
-912
-902
-890
-874
-855
-834
-809
-782
-751
-718
-682
-644
-603
-560
-514
-466
-417
-365
-312
-257
-201
-144
-86
-27
33
93
153
213
273
333
392
450
507
562
616
669
719
768
814
857
898
936
971
1002
1031
1056
1077
1094
1108
1118
1124
1126
1124
1118
1107
1093
1075
1052
1026
996
962
925
884
839
792
741
688
632
573
513
450
386
321
254
186
118
50
-18
-86
-153
-219
-284
-347
-408
-468
-524
-578
-629
-676
-720
-760
-796
-828
-856
-878
-897
-910
-919
-922
-920
-914
-902
-885
-864
-837
-805
-769
-729
-684
-634
-581
-524
-464
-401
-335
-266
-196
-123
-49
25
101
176
251
326
399
471
541
609
674
736
795
850
900
946
988
1024
1055
1081
1101
1115
1124
1126
1122
1112
1096
1074
1046
1013
974
929
879
825
765
702
635
564
490
414
335
255
174
92
10
-72
-152
-231
-309
-383
-455
-523
-587
-646
-701
-750
-794
-831
-863
-888
-906
-918
-922
-919
-910
-893
-869
-838
-801
-757
-707
-652
-590
-524
-453
-378
-299
-217
-133
-47
41
129
217
304
390
474
555
633
707
777
842
901
954
1000
1040
1073
1098
1115
1124
1125
1119
1104
1081
1050
1012
966
913
853
788
716
640
558
473
385
294
202
108
14
-79
-171
-260
-347
-430
-509
-582
-650
-711
-766
-813
-852
-882
-905
-918
-922
-917
-903
-880
-849
-808
-760
-703
-639
-568
-491
-408
-321
-229
-135
-37
61
160
259
357
452
544
632
715
792
863
926
982
1029
1068
1096
1116
1125
1124
1113
1092
1062
1021
971
913
846
772
690
603
510
413
313
210
106
2
-101
-203
-301
-395
-484
-567
-643
-712
-772
-822
-863
-893
-913
-922
-919
-906
-881
-846
-800
-745
-680
-606
-524
-435
-340
-240
-135
-28
80
189
297
404
506
605
697
783
862
931
991
1041
1079
1107
1122
1126
1117
1096
1064
1019
964
899
823
739
647
548
444
335
223
110
-4
-116
-226
-332
-433
-527
-613
-691
-759
-816
-861
-894
-915
-922
-916
-898
-866
-822
-766
-698
-620
-532
-436
-333
-224
-110
6
124
242
358
471
579
681
775
860
935
999
1050
1089
1114
1125
1122
1105
1074
1030
972
902
821
730
630
522
408
289
168
45
-76
-196
-311
-420
-522
-615
-698
-769
-828
-873
-904
-920
-921
-906
-877
-833
-775
-704
-621
-527
-423
-311
-193
-70
56
183
308
431
548
659
762
854
934
1002
1056
1095
1118
1126
1117
1092
1052
996
926
843
748
642
527
406
279
149
19
-111
-237
-357
-471
-575
-668
-748
-814
-866
-901
-919
-921
-905
-872
-823
-758
-678
-585
-481
-366
-243
-114
19
153
287
418
543
661
769
866
949
1018
1070
1106
1124
1123
1105
1069
1015
945
860
761
650
529
400
266
128
-10
-146
-278
-403
-519
-624
-715
-792
-851
-893
-917
-921
-907
-873
-821
-752
-666
-566
-452
-328
-196
-58
83
225
365
499
626
744
848
939
1013
1069
1107
1124
1122
1100
1057
996
917
821
711
589
457
318
174
28
-116
-256
-389
-512
-622
-718
-797
-858
-899
-920
-919
-897
-855
-792
-711
-613
-499
-373
-237
-93
55
204
351
493
626
749
858
951
1025
1080
1114
1126
1116
1083
1029
955
863
753
629
493
349
199
46
-105
-252
-391
-519
-634
-732
-811
-870
-908
-922
-913
-881
-827
-751
-656
-543
-416
-276
-128
26
182
336
485
625
753
866
961
1036
1089
1119
1125
1107
1065
1000
913
807
685
548
400
245
86
-73
-227
-374
-509
-629
-732
-814
-875
-911
-922
-908
-869
-806
-721
-615
-491
-352
-202
-44
118
280
437
586
723
844
947
1028
1086
1118
1125
1106
1060
990
897
783
652
506
350
186
21
-142
-300
-446
-579
-694
-788
-858
-903
-922
-913
-877
-815
-729
-620
-491
-347
-190
-25
143
310
472
624
762
882
981
1055
1104
1125
1118
1083
1020
932
821
690
542
382
214
43
-127
-291
-444
-581
-699
-795
-865
-908
-922
-907
-863
-791
-693
-573
-433
-277
-110
63
237
408
570
718
848
957
1041
1097
1124
1120
1087
1024
934
819
683
529
362
187
10
-165
-332
-486
-622
-737
-826
-887
-918
-918
-887
-825
-735
-619
-481
-325
-155
22
203
380
549
704
840
954
1041
1098
1124
1118
1080
1011
913
790
644
481
306
124
-59
-237
-404
-555
-685
-789
-865
-910
-922
-900
-846
-761
-648
-510
-352
-178
4
190
373
548
707
847
962
1049
1104
1126
1113
1066
987
879
744
587
413
229
41
-146
-324
-488
-632
-751
-841
-899
-922
-910
-862
-782
-671
-533
-373
-196
-9
183
371
551
715
857
973
1058
1110
1126
1106
1050
960
839
693
525
341
149
-45
-233
-410
-569
-703
-808
-881
-918
-917
-880
-806
-700
-564
-403
-224
-32
164
359
544
713
859
977
1063
1113
1125
1099
1036
937
807
651
473
282
83
-115
-305
-480
-632
-757
-849
-905
-922
-900
-839
-742
-613
-455
-276
-83
119
319
511
688
842
967
1058
1111
1125
1099
1034
931
796
633
449
250
46
-156
-348
-522
-671
-789
-872
-916
-918
-879
-801
-686
-539
-366
-173
30
237
439
626
793
931
1035
1101
1126
1108
1049
950
816
653
466
264
55
-152
-349
-527
-679
-797
-879
-918
-915
-868
-781
-656
-498
-315
-114
97
308
510
695
854
981
1071
1118
1122
1082
999
877
721
538
336
123
-90
-295
-483
-646
-775
-866
-915
-918
-876
-791
-666
-507
-320
-115
101
316
522
709
870
995
1081
1122
1117
1067
972
838
670
477
266
47
-169
-373
-556
-708
-823
-895
-922
-901
-834
-723
-574
-394
-190
27
249
463
661
832
970
1067
1118
1121
1077
986
853
685
488
273
50
-171
-379
-564
-717
-831
-901
-922
-894
-818
-697
-538
-347
-135
90
314
529
723
887
1012
1093
1125
1107
1040
926
772
584
372
147
-81
-300
-499
-668
-798
-884
-921
-906
-841
-728
-574
-385
-171
56
286
507
707
877
1007
1091
1125
1107
1037
919
759
565
348
117
-114
-335
-533
-698
-822
-898
-922
-893
-811
-682
-512
-310
-85
149
381
598
789
944
1055
1115
1122
1074
975
829
644
430
199
-38
-268
-478
-657
-795
-885
-921
-903
-830
-706
-539
-337
-110
128
365
587
783
942
1055
1116
1121
1070
965
813
621
401
163
-77
-309
-517
-691
-821
-899
-922
-887
-796
-656
-472
-256
-20
224
460
677
861
1002
1092
1126
1101
1019
885
706
492
256
11
-229
-451
-640
-787
-883
-921
-901
-822
-689
-511
-296
-58
189
432
655
846
993
1088
1125
1102
1020
883
701
482
241
-9
-252
-474
-662
-805
-893
-922
-890
-798
-652
-460
-235
11
263
505
722
903
1034
1110
1123
1075
967
807
603
368
117
-135
-373
-582
-748
-863
-918
-910
-839
-710
-530
-311
-66
189
440
669
863
1009
1099
1126
1088
989
834
632
397
143
-114
-357
-572
-743
-861
-918
-909
-836
-703
-518
-294
-44
216
469
698
888
1028
1108
1123
1072
958
788
573
328
68
-191
-430
-635
-791
-889
-922
-888
-788
-630
-423
-181
79
341
588
802
970
1080
1125
1102
1012
861
659
419
158
-107
-358
-578
-752
-869
-920
-902
-816
-668
-467
-227
35
302
555
778
954
1072
1124
1105
1018
867
663
421
156
-112
-366
-588
-761
-875
-921
-896
-801
-643
-433
-185
83
353
605
822
988
1092
1126
1088
980
809
589
334
62
-207
-455
-662
-816
-903
-919
-862
-735
-549
-315
-51
224
490
728
922
1056
1121
1112
1029
879
673
424
152
-124
-383
-607
-779
-887
-922
-882
-769
-592
-363
-100
178
451
697
900
1044
1117
1115
1037
890
683
433
158
-122
-385
-611
-784
-890
-922
-876
-756
-571
-335
-65
217
490
735
931
1064
1123
1105
1009
844
622
360
78
-203
-460
-674
-828
-910
-914
-839
-691
-482
-227
54
339
605
832
1003
1102
1124
1065
930
730
481
202
-86
-359
-595
-777
-888
-922
-874
-748
-555
-309
-30
259
536
779
967
1086
1126
1084
962
772
527
247
-44
-323
-569
-760
-881
-922
-880
-758
-566
-319
-37
256
536
781
971
1089
1126
1078
951
753
501
216
-79
-359
-600
-784
-894
-921
-862
-724
-516
-257
33
329
605
840
1013
1109
1120
1045
891
670
401
106
-189
-460
-683
-839
-916
-905
-809
-635
-398
-118
182
474
735
941
1075
1126
1088
965
767
512
221
-80
-366
-611
-795
-900
-918
-847
-693
-470
-196
104
404
677
900
1053
1123
1102
993
805
555
265
-40
-333
-587
-779
-894
-920
-855
-704
-481
-206
97
400
677
902
1056
1123
1099
985
790
534
238
-70
-363
-613
-799
-903
-916
-836
-670
-433
-148
161
464
734
946
1081
1126
1076
937
721
447
141
-169
-453
-686
-847
-919
-896
-780
-582
-320
-19
294
589
839
1020
1114
1113
1018
836
584
287
-27
-330
-592
-788
-900
-917
-837
-668
-425
-132
183
491
762
970
1094
1124
1055
895
659
368
52
-259
-536
-751
-884
-921
-859
-704
-471
-181
136
450
730
949
1085
1125
1065
911
677
386
68
-248
-529
-748
-883
-921
-858
-700
-462
-168
153
469
748
964
1093
1124
1053
886
641
342
19
-296
-572
-779
-898
-917
-832
-653
-398
-92
233
546
814
1009
1112
1113
1011
816
548
234
-93
-401
-657
-835
-918
-895
-770
-555
-273
49
376
675
915
1070
1126
1075
923
686
388
60
-264
-550
-768
-895
-918
-834
-652
-390
-77
255
571
838
1027
1119
1103
982
767
482
156
-175
-478
-718
-872
-922
-863
-700
-452
-145
189
514
795
1001
1111
1113
1005
800
520
195
-141
-451
-701
-864
-922
-869
-711
-464
-155
181
510
794
1002
1112
1112
1000
790
505
175
-163
-472
-718
-874
-922
-857
-685
-427
-109
231
558
834
1029
1120
1098
965
736
435
97
-240
-540
-767
-897
-915
-819
-618
-337
-5
338
655
909
1073
1126
1063
891
629
307
-38
-368
-644
-835
-919
-887
-741
-498
-187
158
496
789
1004
1114
1108
985
761
460
118
-227
-533
-766
-898
-914
-812
-603
-312
27
376
692
940
1089
1123
1037
841
558
222
-129
-453
-711
-874
-921
-848
-661
-385
-50
303
632
898
1069
1126
1060
880
607
273
-81
-414
-684
-861
-922
-860
-682
-410
-76
280
614
887
1065
1126
1063
884
609
273
-84
-419
-690
-865
-922
-854
-669
-390
-50
308
642
909
1077
1125
1047
853
566
222
-138
-468
-727
-884
-919
-827
-620
-323
27
387
711
959
1100
1117
1007
783
474
118
-240
-556
-788
-909
-902
-769
-526
-204
158
512
815
1027
1122
1088
928
663
327
-38
-386
-671
-858
-922
-855
-666
-378
-28
338
674
937
1092
1120
1017
795
484
123
-240
-560
-794
-912
-898
-754
-499
-166
203
558
854
1052
1126
1066
879
591
238
-132
-472
-737
-891
-915
-804
-574
-255
112
478
794
1018
1121
1089
926
653
306
-67
-419
-701
-876
-920
-828
-611
-298
68
439
764
1001
1117
1097
942
674
328
-48
-404
-692
-872
-920
-830
-613
-299
70
443
770
1006
1119
1093
931
656
305
-74
-429
-712
-882
-918
-813
-582
-256
119
491
810
1032
1124
1075
891
598
235
-146
-493
-757
-902
-906
-770
-512
-168
213
580
879
1070
1125
1036
816
495
118
-260
-588
-819
-919
-875
-693
-398
-32
353
702
967
1108
1107
962
694
342
-45
-410
-703
-881
-917
-808
-568
-232
153
530
846
1054
1126
1050
836
517
137
-248
-582
-818
-919
-873
-685
-382
-9
381
730
988
1116
1096
930
643
277
-115
-476
-751
-902
-904
-759
-487
-127
266
635
926
1094
1116
987
727
374
-19
-395
-697
-880
-917
-802
-551
-204
190
571
881
1075
1123
1018
775
430
36
-348
-664
-865
-920
-821
-582
-240
155
541
861
1066
1125
1028
790
447
51
-337
-658
-863
-921
-822
-582
-237
161
549
869
1071
1124
1019
774
424
25
-363
-679
-874
-918
-804
-550
-194
207
593
902
1087
1118
991
725
362
-42
-424
-724
-894
-908
-764
-484
-112
295
671
957
1109
1102
937
640
258
-149
-516
-786
-915
-882
-693
-378
14
420
775
1023
1125
1063
847
512
111
-291
-631
-853
-922
-826
-581
-226
182
577
895
1086
1118
985
710
336
-76
-460
-752
-906
-896
-723
-417
-25
387
753
1013
1124
1067
853
516
111
-296
-638
-858
-921
-815
-558
-193
222
616
926
1100
1109
951
652
262
-155
-529
-798
-918
-868
-657
-319
90
500
844
1065
1124
1012
748
375
-44
-438
-742
-904
-896
-721
-407
-6
412
779
1031
1126
1047
809
450
33
-374
-699
-888
-909
-758
-460
-66
357
736
1007
1123
1065
841
491
73
-339
-676
-879
-914
-773
-482
-90
336
721
999
1122
1069
848
497
78
-337
-676
-880
-913
-769
-474
-77
350
735
1009
1124
1060
829
470
46
-368
-699
-890
-907
-746
-435
-29
399
776
1033
1126
1037
783
408
-21
-429
-743
-906
-891
-698
-363
55
481
840
1068
1122
994
706
310
-124
-517
-799
-920
-857
-621
-255
176
593
922
1102
1102
921
592
174
-258
-624
-859
-919
-794
-505
-106
331
726
1008
1124
1054
809
435
0
-417
-739
-906
-889
-689
-344
83
514
869
1083
1116
961
648
233
-206
-588
-842
-921
-811
-531
-133
309
712
1002
1124
1055
809
430
-10
-429
-750
-910
-881
-668
-310
126
557
903
1098
1105
923
587
158
-281
-648
-873
-914
-762
-446
-27
418
802
1054
1124
1000
704
294
-153
-552
-825
-922
-823
-546
-146
303
713
1005
1125
1047
788
397
-52
-471
-779
-918
-859
-615
-232
216
642
963
1118
1075
843
467
19
-412
-743
-910
-879
-657
-286
160
596
934
1110
1088
873
506
60
-379
-723
-904
-888
-676
-311
136
576
923
1107
1092
882
516
68
-373
-720
-904
-888
-674
-306
143
584
930
1110
1088
870
497
45
-395
-736
-909
-879
-652
-273
182
620
954
1117
1074
836
449
-9
-444
-768
-917
-859
-606
-209
251
681
993
1124
1047
777
369
-94
-516
-813
-922
-822
-532
-113
351
764
1041
1125
999
688
256
-207
-607
-861
-916
-760
-427
17
478
861
1087
1109
921
564
110
-346
-708
-902
-887
-665
-284
179
625
962
1120
1064
806
401
-67
-500
-807
-922
-822
-527
-100
370
783
1053
1122
975
644
197
-269
-658
-885
-903
-707
-340
122
579
935
1114
1077
831
430
-41
-482
-798
-922
-826
-531
-101
373
789
1058
1121
964
622
168
-301
-683
-895
-893
-675
-289
182
635
973
1122
1050
772
348
-130
-557
-841
-920
-775
-440
14
488
877
1096
1098
882
495
21
-435
-773
-919
-841
-555
-124
357
781
1056
1120
960
609
147
-326
-704
-904
-880
-639
-233
248
696
1012
1126
1011
694
245
-237
-643
-882
-902
-697
-313
164
627
973
1123
1044
753
315
-171
-595
-863
-913
-734
-366
108
580
944
1118
1062
788
358
-130
-565
-849
-917
-753
-394
78
555
930
1115
1069
802
374
-115
-556
-845
-918
-756
-398
76
555
931
1115
1067
796
365
-127
-566
-851
-916
-745
-378
101
579
947
1119
1055
769
328
-166
-597
-866
-910
-717
-333
153
626
978
1124
1031
721
265
-229
-646
-887
-896
-670
-262
231
695
1018
1126
991
647
174
-317
-708
-908
-868
-599
-163
336
780
1062
1116
929
545
55
-424
-778
-921
-820
-499
-34
464
875
1101
1088
838
411
-90
-545
-845
-917
-743
-366
124
609
972
1124
1029
710
244
-257
-671
-898
-882
-628
-196
309
763
1056
1117
931
542
46
-437
-788
-922
-805
-467
11
511
912
1113
1066
783
332
-176
-615
-878
-900
-674
-257
249
718
1036
1123
957
579
83
-408
-773
-921
-815
-481
-2
503
909
1113
1065
777
321
-191
-629
-885
-894
-653
-224
288
753
1054
1117
925
525
19
-466
-808
-922
-777
-410
86
586
964
1124
1025
693
210
-300
-708
-911
-856
-558
-92
423
857
1099
1086
823
375
-142
-598
-874
-901
-671
-243
273
746
1054
1117
919
511
-2
-488
-823
-920
-753
-365
143
641
999
1126
987
620
118
-388
-768
-921
-809
-460
35
548
944
1122
1034
702
214
-303
-715
-913
-846
-531
-49
472
896
1112
1063
761
287
-237
-672
-903
-869
-580
-110
415
858
1101
1080
800
336
-191
-640
-893
-882
-609
-148
380
834
1093
1089
821
362
-167
-624
-888
-887
-622
-163
367
826
1091
1091
825
366
-165
-624
-888
-886
-618
-155
376
834
1094
1087
813
347
-186
-640
-894
-878
-597
-125
408
858
1103
1076
783
306
-228
-672
-904
-863
-558
-72
461
896
1114
1055
735
241
-291
-715
-915
-836
-498
4
534
944
1123
1020
664
152
-373
-768
-922
-793
-416
104
624
999
1125
967
569
41
-471
-823
-918
-729
-308
228
728
1054
1113
890
447
-93
-579
-874
-896
-637
-171
371
839
1099
1078
783
296
-246
-690
-911
-846
-513
-6
531
947
1124
1011
641
118
-410
-793
-922
-759
-352
184
698
1041
1117
904
461
-84
-576
-875
-894
-628
-153
395
859
1106
1065
748
245
-300
-729
-919
-815
-447
79
612
998
1125
957
541
-2
-515
-849
-908
-674
-215
336
819
1094
1081
783
286
-264
-708
-916
-827
-467
59
598
992
1125
959
542
-4
-519
-853
-906
-663
-196
360
839
1102
1070
753
244
-307
-738
-920
-801
-415
124
657
1025
1120
913
466
-90
-589
-883
-884
-592
-93
464
913
1120
1024
653
117
-424
-808
-919
-725
-284
274
780
1082
1091
803
304
-256
-708
-917
-819
-443
97
638
1018
1121
917
466
-95
-597
-887
-878
-572
-61
499
939
1124
999
601
51
-483
-840
-910
-671
-196
369
854
1108
1055
710
179
-375
-784
-921
-745
-308
254
770
1081
1090
796
287
-278
-727
-920
-798
-398
157
694
1049
1111
860
374
-196
-674
-911
-834
-466
78
630
1018
1121
906
441
-130
-629
-900
-858
-516
19
580
992
1125
937
488
-82
-595
-889
-872
-549
-21
546
973
1126
956
517
-53
-575
-882
-879
-566
-41
529
964
1126
963
527
-44
-569
-881
-880
-568
-42
530
965
1126
960
520
-53
-577
-884
-876
-555
-23
548
977
1125
946
495
-82
-600
-893
-865
-527
14
584
998
1123
919
451
-130
-636
-904
-846
-482
72
635
1026
1117
879
388
-196
-683
-915
-816
-418
149
701
1058
1103
821
305
-278
-737
-922
-771
-335
245
778
1089
1077
744
201
-375
-795
-919
-707
-229
358
861
1114
1033
644
76
-483
-849
-901
-620
-100
487
946
1126
965
518
-67
-597
-894
-860
-505
52
625
1025
1116
869
366
-226
-708
-919
-789
-360
224
767
1087
1077
739
187
-393
-808
-916
-681
-183
411
901
1122
999
572
-13
-560
-883
-873
-532
23
605
1016
1118
875
369
-228
-713
-920
-780
-340
251
791
1097
1063
701
134
-444
-835
-906
-632
-106
490
954
1126
946
477
-122
-643
-909
-827
-425
158
722
1073
1088
763
210
-381
-805
-916
-674
-164
438
924
1125
971
516
-83
-618
-903
-839
-447
136
707
1068
1091
770
216
-379
-805
-915
-669
-153
452
934
1126
958
490
-114
-643
-910
-821
-408
184
748
1085
1075
722
151
-438
-836
-903
-615
-73
531
983
1123
902
397
-213
-711
-921
-767
-305
303
839
1112
1027
611
14
-552
-884
-865
-501
79
668
1054
1099
788
230
-373
-806
-914
-657
-127
485
959
1125
923
426
-189
-699
-920
-773
-310
302
842
1114
1020
594
-10
-574
-893
-852
-464
129
712
1074
1082
735
156
-442
-842
-898
-590
-29
579
1014
1116
847
306
-310
-775
-919
-689
-169
451
942
1126
933
435
-186
-701
-921
-764
-289
331
866
1120
998
545
-72
-624
-908
-819
-388
224
791
1102
1043
635
28
-551
-888
-857
-469
131
721
1080
1074
706
113
-485
-864
-882
-532
55
659
1055
1094
761
181
-429
-840
-897
-580
-5
609
1033
1107
802
233
-385
-820
-907
-613
-49
572
1015
1113
829
269
-354
-805
-912
-634
-77
548
1004
1117
844
289
-337
-797
-914
-644
-89
538
999
1118
848
293
-335
-796
-914
-642
-86
543
1003
1117
841
282
-347
-803
-911
-630
-66
562
1013
1113
823
254
-374
-818
-906
-605
-30
596
1031
1106
792
210
-414
-837
-896
-568
21
642
1053
1093
748
150
-466
-861
-880
-516
90
700
1077
1072
688
74
-529
-885
-854
-448
174
768
1100
1040
611
-18
-600
-906
-815
-362
273
842
1118
993
516
-125
-676
-920
-759
-257
387
918
1126
927
401
-244
-752
-920
-682
-132
511
992
1118
839
266
-373
-822
-902
-581
13
643
1056
1088
724
111
-506
-879
-859
-453
176
775
1104
1029
582
-59
-635
-915
-784
-296
353
900
1125
937
411
-240
-753
-920
-673
-112
536
1008
1112
806
214
-424
-848
-886
-522
97
717
1087
1055
635
-4
-599
-908
-804
-330
321
882
1124
948
424
-231
-751
-920
-670
-102
549
1017
1108
786
181
-456
-863
-873
-480
153
764
1103
1028
570
-82
-658
-919
-757
-240
420
947
1124
877
307
-348
-816
-902
-571
41
678
1075
1067
656
14
-592
-908
-802
-318
342
901
1126
922
374
-287
-786
-912
-613
-13
635
1059
1081
690
52
-565
-902
-815
-342
319
888
1125
930
385
-280
-784
-913
-612
-9
642
1063
1077
677
33
-582
-906
-802
-313
353
912
1126
904
339
-326
-809
-903
-568
53
696
1084
1053
614
-45
-640
-918
-758
-229
442
967
1120
836
236
-422
-854
-875
-475
174
792
1112
997
495
-177
-729
-921
-671
-86
580
1039
1092
716
73
-557
-902
-810
-323
350
915
1126
891
313
-358
-828
-893
-524
119
754
1104
1016
529
-145
-712
-922
-684
-101
571
1037
1093
714
66
-566
-905
-800
-299
379
935
1124
863
265
-404
-850
-876
-470
189
810
1117
975
447
-235
-767
-915
-611
9
671
1079
1054
605
-67
-665
-921
-722
-155
526
1018
1102
739
92
-551
-902
-804
-301
383
941
1123
848
238
-433
-864
-862
-427
246
854
1124
934
369
-316
-813
-898
-532
120
764
1109
999
484
-204
-754
-917
-618
6
674
1083
1047
582
-101
-692
-922
-687
-93
589
1050
1080
663
-9
-631
-918
-741
-178
512
1015
1101
730
71
-573
-909
-782
-249
444
981
1114
783
139
-522
-897
-812
-306
387
949
1121
823
193
-480
-884
-833
-350
341
923
1124
853
234
-446
-873
-848
-382
308
903
1126
873
262
-424
-865
-856
-402
288
891
1126
884
277
-412
-861
-860
-410
280
886
1126
886
279
-411
-861
-859
-407
285
891
1126
880
268
-422
-866
-854
-392
303
903
1125
865
245
-443
-874
-844
-366
333
923
1124
841
208
-476
-885
-827
-328
376
949
1120
807
158
-517
-898
-803
-276
430
981
1112
761
95
-567
-910
-769
-212
496
1015
1097
702
19
-624
-919
-724
-133
572
1050
1073
629
-69
-685
-922
-666
-40
655
1083
1037
540
-169
-747
-915
-591
68
744
1109
986
435
-278
-807
-895
-499
189
834
1124
917
313
-393
-859
-857
-387
321
922
1123
826
175
-512
-899
-796
-255
462
1002
1102
711
22
-628
-920
-711
-102
606
1068
1054
572
-141
-735
-917
-597
68
749
1111
975
408
-310
-825
-882
-452
252
882
1126
863
222
-478
-890
-811
-278
443
995
1103
714
19
-634
-921
-699
-77
633
1079
1038
529
-193
-768
-908
-543
144
810
1122
923
313
-403
-867
-844
-347
376
961
1115
759
73
-598
-918
-724
-114
605
1070
1047
548
-177
-761
-909
-546
144
814
1123
916
296
-422
-875
-832
-316
412
983
1107
720
19
-640
-922
-682
-44
669
1093
1012
467
-265
-809
-889
-462
253
891
1125
836
172
-529
-906
-767
-182
548
1050
1065
586
-142
-745
-913
-558
136
813
1123
908
277
-444
-884
-815
-273
463
1013
1091
659
-62
-698
-920
-613
65
762
1117
945
336
-395
-868
-837
-318
420
992
1101
690
-27
-678
-922
-632
41
745
1114
954
349
-386
-865
-839
-320
420
993
1100
683
-38
-686
-921
-618
63
764
1118
937
317
-417
-877
-822
-280
464
1017
1087
637
-95
-724
-916
-570
131
817
1124
890
238
-486
-899
-781
-194
549
1056
1055
548
-196
-782
-898
-481
246
897
1124
806
113
-587
-918
-705
-61
671
1098
993
411
-337
-849
-853
-344
404
990
1099
674
-59
-706
-918
-582
122
815
1125
883
221
-506
-905
-761
-152
595
1075
1030
483
-270
-822
-874
-398
349
962
1109
710
-19
-683
-920
-603
98
801
1124
891
229
-502
-905
-759
-144
605
1080
1021
460
-296
-835
-862
-362
392
988
1098
664
-79
-723
-914
-549
174
857
1126
832
137
-577
-918
-698
-37
700
1108
962
341
-411
-881
-808
-233
527
1053
1052
527
-234
-809
-880
-407
348
967
1106
688
-55
-711
-916
-555
171
859
1126
823
118
-595
-920
-676
2
736
1116
930
282
-468
-899
-770
-154
605
1083
1012
430
-335
-856
-839
-295
472
1032
1069
563
-203
-797
-885
-418
342
967
1105
677
-74
-727
-912
-524
217
893
1122
775
46
-651
-922
-613
101
815
1125
855
158
-572
-919
-686
-5
736
1117
921
258
-494
-906
-744
-100
659
1101
973
347
-419
-887
-790
-183
587
1080
1013
424
-349
-864
-825
-255
521
1056
1043
490
-286
-840
-851
-315
462
1031
1066
545
-231
-816
-870
-364
411
1008
1082
589
-186
-794
-884
-403
370
988
1093
623
-149
-775
-893
-433
338
972
1100
648
-122
-761
-898
-453
316
960
1104
663
-105
-753
-902
-464
304
954
1106
670
-98
-750
-902
-467
302
954
1106
669
-101
-752
-901
-461
310
959
1104
659
-114
-760
-898
-446
329
970
1099
640
-138
-773
-892
-423
357
986
1091
611
-171
-791
-882
-390
395
1005
1080
573
-213
-813
-868
-347
442
1028
1063
525
-265
-836
-849
-294
498
1053
1040
467
-325
-861
-821
-229
561
1077
1008
397
-392
-884
-785
-153
632
1099
967
315
-465
-904
-738
-66
707
1116
913
222
-542
-918
-678
33
786
1125
846
117
-621
-922
-603
143
864
1123
763
2
-699
-914
-512
263
940
1108
664
-122
-772
-890
-404
390
1009
1074
547
-252
-835
-846
-278
522
1066
1020
413
-385
-885
-780
-135
655
1106
942
262
-516
-915
-689
23
783
1125
838
97
-640
-921
-572
193
901
1117
706
-77
-751
-897
-427
371
1002
1077
548
-257
-840
-839
-256
549
1077
1000
366
-433
-899
-744
-63
721
1120
885
163
-597
-922
-609
147
875
1121
731
-52
-739
-901
-436
365
1001
1076
540
-269
-847
-830
-229
579
1088
979
319
-478
-910
-707
5
778
1125
829
75
-662
-918
-531
255
944
1103
630
-177
-807
-864
-310
505
1064
1015
388
-420
-898
-742
-51
737
1122
861
117
-636
-921
-555
228
931
1107
643
-165
-803
-865
-311
507
1066
1011
375
-435
-902
-728
-23
762
1125
834
74
-668
-917
-513
285
965
1092
584
-234
-836
-836
-233
586
1093
963
279
-519
-918
-659
90
847
1123
741
-53
-748
-894
-396
423
1035
1044
443
-379
-889
-758
-70
730
1122
853
96
-657
-918
-516
287
970
1089
565
-259
-849
-820
-190
630
1106
927
210
-578
-922
-598
183
912
1111
650
-169
-811
-855
-273
555
1086
972
287
-519
-918
-648
115
870
1120
701
-112
-784
-873
-320
511
1073
995
328
-488
-915
-671
83
850
1122
721
-90
-774
-878
-334
499
1069
999
334
-485
-915
-670
87
854
1121
711
-104
-782
-873
-315
521
1077
985
304
-512
-918
-644
128
882
1116
673
-152
-808
-855
-262
574
1094
950
238
-566
-922
-592
204
931
1102
601
-235
-845
-819
-173
657
1114
890
135
-642
-918
-507
315
993
1070
493
-348
-885
-756
-47
763
1126
796
-4
-732
-895
-383
458
1058
1009
345
-484
-916
-656
119
882
1115
659
-176
-822
-839
-215
625
1109
906
155
-632
-919
-508
319
998
1065
473
-372
-894
-734
-2
801
1125
748
-73
-773
-874
-305
544
1089
956
236
-576
-922
-564
253
965
1084
525
-325
-881
-759
-44
772
1126
772
-45
-760
-880
-321
531
1086
960
240
-576
-922
-558
263
973
1078
506
-347
-888
-742
-9
801
1125
737
-93
-788
-862
-265
588
1102
919
166
-632
-918
-491
350
1018
1045
413
-437
-910
-675
104
882
1113
635
-217
-845
-809
-134
707
1123
821
14
-732
-891
-352
507
1081
965
241
-581
-922
-540
294
993
1063
454
-404
-904
-693
80
869
1115
644
-211
-845
-807
-125
718
1124
805
-13
-750
-882
-314
549
1094
934
181
-628
-918
-481
371
1031
1029
366
-486
-918
-622
191
941
1091
534
-332
-888
-735
17
830
1121
683
-173
-831
-820
-148
704
1124
809
-13
-753
-878
-298
570
1101
913
141
-660
-911
-433
432
1058
995
287
-555
-922
-549
294
999
1055
421
-444
-913
-648
161
927
1095
542
-330
-889
-729
35
847
1118
650
-217
-852
-793
-83
762
1126
744
-107
-805
-842
-190
675
1121
823
-2
-751
-877
-287
588
1107
890
96
-694
-901
-373
503
1085
946
186
-635
-915
-448
423
1058
990
268
-576
-921
-513
348
1028
1025
341
-519
-922
-568
280
997
1053
406
-466
-918
-615
218
965
1073
461
-417
-911
-653
164
936
1088
508
-374
-902
-685
118
909
1099
548
-336
-894
-710
79
885
1107
579
-305
-885
-729
49
866
1112
603
-281
-878
-742
26
851
1115
620
-264
-873
-751
11
842
1117
630
-254
-870
-756
4
838
1117
633
-252
-870
-756
5
839
1117
629
-257
-872
-752
14
846
1116
619
-269
-876
-743
30
858
1113
601
-289
-883
-730
55
875
1108
577
-316
-891
-711
87
897
1101
545
-349
-899
-686
128
922
1091
505
-389
-908
-656
176
951
1077
457
-434
-915
-618
231
981
1057
401
-485
-921
-572
295
1013
1031
336
-540
-922
-517
365
1044
998
262
-597
-918
-452
441
1073
955
179
-657
-907
-378
522
1097
903
89
-715
-887
-292
607
1115
838
-10
-772
-855
-196
694
1125
761
-115
-823
-811
-89
781
1123
670
-226
-867
-753
27
866
1108
565
-339
-900
-678
153
944
1077
447
-453
-919
-585
286
1013
1027
315
-564
-921
-475
423
1069
956
172
-668
-902
-347
561
1108
863
19
-760
-860
-202
696
1125
748
-140
-836
-792
-42
822
1117
609
-300
-891
-697
130
934
1080
450
-455
-919
-574
308
1026
1011
273
-600
-916
-423
488
1091
908
83
-727
-877
-247
661
1124
772
-114
-828
-800
-51
819
1117
604
-311
-895
-682
158
954
1067
408
-497
-922
-526
373
1055
972
191
-662
-902
-335
583
1114
831
-38
-795
-830
-115
775
1123
648
-267
-885
-706
124
937
1076
428
-483
-922
-532
370
1055
970
181
-671
-898
-314
606
1118
806
-77
-816
-809
-63
817
1116
591
-332
-902
-656
207
985
1043
335
-563
-919
-443
478
1092
899
55
-751
-860
-183
726
1126
688
-229
-876
-722
107
931
1076
423
-494
-922
-511
404
1070
942
124
-713
-879
-240
681
1125
728
-185
-862
-745
70
911
1085
449
-474
-922
-524
390
1067
946
128
-712
-879
-235
688
1126
716
-203
-869
-731
98
930
1075
413
-507
-922
-487
438
1083
913
68
-748
-858
-168
746
1124
651
-280
-893
-676
189
982
1040
315
-588
-915
-392
544
1110
834
-55
-813
-805
-37
847
1107
525
-412
-918
-568
344
1053
963
151
-703
-880
-232
698
1126
693
-238
-882
-698
160
970
1047
328
-582
-915
-390
551
1112
820
-79
-825
-788
2
877
1096
473
-464
-922
-512
418
1080
913
58
-760
-846
-127
786
1119
587
-358
-911
-603
305
1040
976
168
-697
-881
-227
707
1126
670
-270
-893
-666
217
1002
1018
250
-644
-900
-299
646
1125
728
-206
-875
-707
155
972
1042
306
-606
-910
-344
605
1121
761
-166
-863
-730
120
954
1054
334
-587
-913
-364
587
1120
774
-152
-859
-735
112
951
1055
335
-587
-913
-360
593
1121
765
-165
-864
-725
131
962
1046
310
-607
-908
-331
623
1124
736
-204
-877
-698
178
988
1026
258
-646
-897
-277
674
1126
683
-267
-895
-652
251
1023
989
179
-699
-876
-196
745
1122
605
-354
-913
-581
350
1064
932
71
-763
-837
-85
831
1106
497
-460
-922
-482
472
1100
848
-62
-828
-773
54
924
1067
358
-578
-913
-350
612
1123
730
-219
-884
-676
222
1013
997
186
-699
-874
-182
762
1120
573
-392
-918
-538
412
1086
884
-14
-809
-792
21
907
1075
375
-569
-914
-352
615
1124
720
-237
-891
-657
256
1031
974
137
-732
-854
-119
814
1109
501
-465
-922
-460
507
1110
807
-129
-858
-724
153
984
1021
230
-676
-882
-201
753
1120
569
-403
-920
-514
448
1098
848
-76
-839
-751
108
962
1038
266
-655
-890
-226
735
1122
584
-391
-919
-521
443
1097
847
-80
-842
-746
122
971
1029
243
-672
-882
-196
761
1118
548
-429
-922
-480
493
1109
805
-141
-865
-705
193
1008
994
163
-724
-855
-109
830
1102
457
-513
-919
-388
593
1123
716
-256
-899
-622
321
1062
920
25
-799
-794
37
927
1057
306
-633
-895
-237
734
1121
567
-417
-921
-480
499
1111
790
-169
-876
-679
242
1033
961
93
-767
-821
-19
896
1073
349
-605
-902
-266
712
1123
584
-403
-921
-486
496
1111
786
-177
-880
-668
263
1043
945
60
-786
-803
26
926
1055
293
-648
-888
-201
769
1115
511
-476
-921
-408
584
1123
704
-280
-906
-585
381
1085
865
-73
-846
-728
171
1005
989
137
-748
-832
-36
891
1073
339
-618
-896
-232
748
1118
527
-465
-922
-410
586
1124
694
-296
-910
-565
412
1095
836
-119
-865
-693
233
1035
951
60
-791
-793
56
949
1036
234
-694
-864
-114
842
1092
399
-578
-906
-273
718
1121
551
-449
-922
-417
584
1124
686
-311
-913
-543
444
1104
804
-169
-882
-652
302
1064
902
-27
-833
-741
161
1006
982
111
-768
-811
25
935
1043
244
-692
-863
-104
854
1086
369
-606
-897
-224
764
1113
484
-514
-917
-334
671
1125
589
-419
-922
-433
574
1124
683
-322
-915
-522
478
1112
765
-226
-899
-599
383
1091
837
-132
-874
-665
291
1063
899
-42
-843
-722
203
1029
950
43
-807
-769
120
991
993
123
-767
-807
43
951
1028
197
-726
-838
-28
909
1055
265
-685
-863
-93
868
1077
327
-644
-881
-152
828
1093
382
-604
-895
-204
789
1105
431
-567
-905
-249
754
1113
474
-533
-912
-289
721
1119
510
-502
-917
-323
692
1122
541
-476
-920
-350
668
1124
566
-453
-921
-373
647
1125
586
-435
-922
-390
632
1126
600
-422
-922
-402
621
1126
609
-414
-922
-408
615
1126
614
-410
-922
-410
614
1126
613
-412
-922
-407
618
1126
607
-419
-922
-398
627
1126
596
-430
-922
-385
642
1125
580
-446
-921
-366
660
1124
558
-468
-920
-342
683
1122
531
-493
-917
-312
711
1119
499
-522
-912
-276
742
1113
460
-556
-905
-235
777
1105
415
-592
-895
-187
815
1093
365
-631
-881
-133
854
1077
307
-671
-863
-72
896
1055
243
-713
-838
-5
937
1028
173
-754
-807
68
978
993
97
-794
-769
147
1017
950
15
-831
-722
231
1052
899
-72
-864
-665
321
1082
837
-163
-891
-599
414
1106
765
-258
-911
-522
510
1121
683
-354
-921
-433
606
1126
589
-451
-920
-334
702
1118
484
-545
-906
-224
795
1097
369
-635
-876
-104
882
1059
244
-718
-830
25
960
1004
111
-792
-766
161
1027
931
-27
-851
-684
302
1079
839
-169
-895
-582
444
1113
727
-311
-919
-461
584
1126
598
-449
-920
-323
718
1115
451
-578
-895
-168
842
1077
290
-694
-844
-2
949
1011
118
-791
-763
174
1035
916
-59
-865
-653
353
1095
792
-238
-910
-516
529
1124
641
-410
-922
-353
696
1118
467
-570
-896
-168
846
1073
273
-708
-832
32
971
989
68
-818
-728
241
1063
865
-142
-891
-585
450
1116
704
-347
-922
-408
648
1123
511
-536
-904
-201
825
1081
293
-698
-837
26
970
987
60
-823
-718
263
1072
844
-177
-900
-551
496
1122
656
-403
-922
-343
712
1113
430
-605
-882
-103
896
1043
179
-767
-780
155
1033
910
-82
-876
-618
415
1111
721
-337
-921
-403
659
1121
484
-566
-895
-148
869
1057
214
-751
-794
131
1025
920
-70
-874
-622
414
1112
716
-346
-922
-388
677
1118
457
-590
-886
-109
897
1039
163
-779
-764
193
1051
877
-141
-894
-563
493
1123
640
-429
-919
-296
761
1099
349
-672
-847
14
971
979
28
-842
-680
338
1097
767
-291
-919
-429
643
1122
483
-574
-890
-118
895
1038
152
-788
-751
223
1064
848
-189
-906
-514
555
1126
569
-502
-908
-201
840
1067
230
-748
-789
153
1039
890
-129
-894
-558
507
1124
611
-465
-914
-239
814
1078
262
-732
-802
130
1031
902
-114
-891
-566
500
1124
613
-466
-914
-233
820
1075
247
-742
-792
153
1041
884
-145
-898
-538
536
1126
573
-505
-906
-182
859
1055
186
-777
-758
222
1068
833
-219
-912
-471
612
1124
491
-578
-885
-86
924
1012
79
-828
-691
336
1100
744
-334
-922
-359
722
1106
360
-676
-837
59
1004
932
-74
-883
-581
490
1124
605
-482
-910
-196
854
1055
179
-784
-746
251
1079
802
-267
-919
-415
674
1115
408
-646
-853
23
988
948
-52
-877
-592
481
1124
605
-485
-908
-183
866
1046
152
-799
-725
291
1092
765
-317
-922
-360
728
1102
335
-698
-819
112
1031
889
-152
-903
-505
587
1125
492
-587
-878
-48
954
980
0
-863
-620
451
1121
623
-473
-910
-185
869
1042
135
-810
-707
326
1102
728
-366
-921
-299
785
1082
250
-753
-771
217
1072
809
-270
-920
-390
707
1106
345
-697
-816
126
1040
870
-189
-911
-461
641
1119
419
-648
-846
54
1010
913
-125
-900
-512
588
1124
473
-609
-865
2
986
942
-79
-889
-546
551
1126
508
-582
-876
-30
970
958
-52
-882
-565
531
1126
525
-570
-880
-44
963
963
-44
-881
-568
528
1126
525
-572
-879
-37
968
958
-55
-884
-557
544
1126
506
-588
-872
-12
982
942
-86
-893
-530
576
1124
469
-618
-858
33
1005
913
-135
-904
-487
625
1119
413
-660
-834
98
1034
870
-203
-915
-425
688
1108
337
-712
-798
182
1067
809
-287
-922
-343
763
1085
241
-768
-745
284
1097
728
-385
-919
-240
846
1047
124
-825
-671
404
1119
623
-494
-901
-113
931
986
-13
-876
-572
536
1126
492
-607
-860
37
1011
899
-167
-911
-443
677
1109
335
-718
-789
207
1077
778
-332
-922
-284
817
1060
152
-816
-681
394
1118
621
-500
-898
-93
946
970
-52
-888
-532
587
1122
428
-660
-829
124
1051
832
-267
-921
-340
775
1077
201
-795
-707
360
1114
644
-482
-902
-106
941
972
-51
-889
-526
598
1121
408
-676
-816
158
1064
802
-311
-922
-289
819
1055
132
-828
-657
438
1124
565
-557
-877
-4
998
908
-165
-912
-423
707
1098
273
-761
-742
308
1106
677
-455
-906
-124
934
974
-53
-891
-513
618
1117
372
-704
-792
216
1085
748
-382
-917
-202
887
1011
19
-872
-566
561
1123
429
-668
-818
164
1069
783
-342
-921
-239
863
1027
50
-863
-585
540
1125
447
-657
-824
153
1067
788
-339
-921
-237
866
1024
41
-867
-574
555
1123
426
-674
-811
183
1077
761
-373
-918
-196
895
1002
-10
-883
-531
607
1117
365
-715
-778
254
1097
701
-442
-907
-115
947
955
-101
-904
-452
691
1099
262
-775
-717
365
1118
601
-540
-878
9
1013
877
-229
-921
-331
801
1057
117
-843
-618
510
1126
457
-657
-819
176
1077
754
-389
-915
-163
922
976
-70
-899
-469
680
1101
264
-778
-711
380
1120
577
-566
-866
55
1035
838
-289
-922
-262
858
1022
23
-876
-539
609
1116
339
-738
-752
315
1112
629
-522
-882
5
1015
867
-252
-922
-292
838
1034
46
-870
-551
598
1117
345
-736
-751
319
1113
620
-533
-877
26
1026
848
-281
-922
-257
866
1014
-2
-885
-508
648
1107
282
-773
-710
392
1122
548
-598
-848
118
1063
777
-374
-915
-153
936
956
-119
-911
-403
753
1073
147
-837
-615
528
1124
406
-703
-777
280
1107
641
-519
-880
24
1028
839
-300
-921
-224
894
990
-59
-901
-448
715
1086
186
-823
-637
503
1125
424
-694
-782
273
1107
640
-524
-877
38
1036
823
-324
-920
-190
918
967
-107
-910
-400
762
1066
118
-852
-582
577
1118
337
-750
-729
373
1122
542
-611
-836
161
1081
724
-444
-900
-49
999
877
-257
-922
-250
882
995
-59
-903
-433
736
1076
141
-845
-591
570
1118
336
-753
-722
389
1124
518
-633
-820
203
1093
683
-491
-886
17
1031
825
-332
-918
-163
941
941
-163
-918
-330
827
1029
10
-888
-481
695
1089
181
-831
-613
549
1120
347
-750
-722
395
1124
502
-649
-807
237
1103
644
-532
-869
80
1058
769
-404
-907
-72
993
877
-268
-922
-217
911
965
-127
-915
-352
815
1034
14
-889
-474
707
1083
152
-845
-582
592
1113
286
-786
-675
472
1125
413
-714
-753
350
1121
531
-632
-815
228
1102
640
-542
-862
108
1070
737
-446
-896
-9
1026
823
-347
-915
-119
973
897
-246
-922
-224
912
960
-145
-918
-321
844
1011
-45
-904
-410
772
1053
53
-881
-491
698
1084
147
-851
-564
621
1106
236
-814
-628
544
1119
321
-773
-685
467
1125
400
-729
-734
392
1125
473
-681
-775
319
1119
541
-632
-810
249
1109
603
-583
-839
182
1094
659
-533
-863
119
1077
710
-484
-881
59
1058
755
-437
-895
4
1037
796
-391
-906
-47
1015
831
-348
-913
-93
993
863
-307
-918
-135
972
890
-269
-921
-173
951
913
-235
-922
-207
931
933
-204
-922
-237
913
950
-176
-921
-262
897
964
-152
-920
-284
882
976
-132
-918
-301
870
985
-116
-917
-315
861
991
-104
-915
-325
854
996
-95
-915
-331
850
999
-91
-914
-334
848
999
-90
-914
-333
850
998
-94
-915
-328
854
995
-101
-916
-320
860
989
-112
-917
-308
870
982
-127
-918
-292
881
972
-146
-920
-273
895
960
-169
-921
-249
912
945
-196
-922
-222
930
927
-226
-922
-190
949
906
-259
-921
-154
970
882
-296
-918
-114
992
853
-336
-913
-70
1013
820
-379
-905
-21
1035
783
-424
-894
32
1056
741
-471
-879
90
1076
694
-519
-860
151
1093
642
-569
-836
216
1108
584
-618
-806
285
1118
520
-668
-771
357
1125
450
-716
-728
431
1125
375
-761
-678
507
1120
294
-803
-621
584
1107
208
-841
-555
661
1086
117
-873
-482
737
1055
22
-898
-400
810
1015
-76
-915
-310
880
964
-177
-922
-212
944
902
-278
-918
-106
1002
829
-379
-902
5
1050
744
-478
-873
122
1088
648
-572
-830
242
1114
540
-660
-772
365
1125
423
-739
-698
487
1121
297
-807
-609
606
1100
163
-861
-505
721
1060
25
-899
-387
827
1000
-116
-919
-256
922
921
-257
-919
-114
1002
823
-393
-897
37
1065
706
-523
-852
193
1107
572
-640
-783
351
1125
423
-743
-689
506
1118
262
-825
-573
655
1083
93
-885
-435
791
1020
-80
-917
-278
911
928
-252
-919
-106
1009
809
-416
-890
76
1079
664
-567
-827
263
1119
497
-699
-731
448
1123
313
-805
-603
625
1091
117
-879
-446
786
1021
-83
-918
-265
923
913
-280
-916
-66
1029
770
-465
-872
144
1099
596
-629
-785
357
1126
397
-764
-657
561
1107
180
-861
-491
748
1040
-44
-914
-294
907
926
-265
-917
-73
1028
769
-471
-868
160
1103
573
-650
-767
395
1126
350
-791
-617
616
1091
108
-884
-423
813
1000
-138
-922
-195
970
853
-373
-898
54
1077
659
-583
-812
310
1124
426
-752
-666
557
1106
168
-868
-467
777
1020
-98
-920
-226
954
870
-354
-902
41
1074
663
-581
-811
316
1125
413
-761
-652
579
1100
135
-879
-433
810
998
-149
-922
-169
988
824
-417
-884
120
1097
589
-646
-764
411
1125
310
-816
-570
680
1066
10
-908
-315
902
921
-286
-913
-20
1056
702
-551
-825
291
1124
424
-759
-650
587
1096
113
-887
-401
840
973
-204
-921
-100
1024
761
-494
-853
225
1117
481
-726
-686
541
1107
158
-875
-435
815
989
-175
-922
-123
1015
775
-482
-857
217
1117
483
-727
-684
548
1105
145
-880
-418
831
976
-203
-920
-89
1032
744
-517
-839
266
1122
430
-760
-642
605
1089
73
-899
-350
885
930
-284
-911
2
1068
664
-595
-793
371
1126
321
-818
-555
709
1047
-55
-918
-225
967
839
-414
-880
153
1108
527
-703
-703
527
1107
150
-881
-409
844
962
-237
-917
-37
1056
688
-577
-802
359
1126
323
-819
-549
719
1040
-79
-920
-193
988
807
-456
-862
213
1118
460
-748
-650
605
1086
52
-905
-312
918
891
-352
-896
98
1098
563
-683
-718
511
1109
152
-882
-398
858
946
-270
-912
13
1075
633
-631
-761
443
1120
221
-862
-453
815
979
-216
-918
-40
1058
674
-597
-784
404
1123
258
-849
-480
793
993
-191
-920
-61
1051
688
-587
-790
394
1124
264
-848
-481
794
991
-196
-919
-51
1056
676
-599
-781
414
1122
238
-858
-456
817
974
-231
-916
-10
1071
637
-633
-754
464
1116
181
-877
-403
862
937
-295
-906
63
1092
570
-686
-706
541
1100
93
-900
-320
922
877
-386
-882
167
1114
470
-753
-632
643
1067
-27
-918
-204
992
786
-497
-837
302
1126
336
-823
-524
762
1007
-176
-920
-51
1059
659
-621
-759
463
1115
166
-884
-375
888
908
-347
-892
136
1110
488
-745
-637
642
1065
-37
-919
-182
1005
760
-529
-818
353
1125
273
-851
-462
822
962
-265
-909
53
1093
557
-703
-682
586
1084
19
-914
-229
983
792
-499
-832
323
1126
296
-843
-475
814
967
-260
-909
56
1095
548
-711
-671
605
1077
-10
-918
-195
1003
759
-536
-810
376
1123
235
-867
-417
864
923
-334
-893
144
1113
460
-768
-600
694
1038
-122
-922
-77
1055
656
-634
-741
507
1103
89
-905
-278
960
817
-478
-839
315
1126
287
-850
-452
839
942
-310
-897
128
1111
466
-767
-597
702
1031
-141
-921
-48
1068
621
-665
-711
558
1089
22
-915
-206
1002
752
-551
-796
414
1119
175
-887
-345
922
859
-433
-857
276
1126
313
-843
-464
834
942
-316
-895
147
1115
435
-787
-563
744
1005
-204
-915
30
1092
540
-726
-643
655
1051
-101
-922
-72
1062
629
-664
-707
572
1082
-9
-919
-161
1027
702
-604
-756
496
1103
71
-910
-235
992
761
-550
-793
430
1115
139
-898
-295
959
807
-502
-820
376
1122
193
-885
-342
931
841
-464
-839
333
1125
234
-874
-376
909
865
-435
-851
303
1126
262
-866
-398
894
880
-417
-858
285
1126
277
-861
-409
887
886
-410
-860
280
1126
279
-861
-408
888
884
-415
-858
288
1126
268
-865
-396
898
873
-430
-851
308
1125
245
-873
-373
915
853
-456
-839
341
1124
208
-884
-337
940
823
-493
-820
387
1119
158
-897
-289
970
783
-539
-793
444
1111
95
-909
-227
1004
730
-592
-756
512
1095
19
-918
-152
1039
663
-651
-707
589
1070
-69
-922
-62
1073
582
-713
-643
674
1033
-169
-917
43
1101
484
-774
-563
764
980
-278
-898
161
1120
369
-831
-464
854
908
-393
-862
291
1126
238
-879
-345
941
814
-512
-804
430
1112
92
-911
-206
1018
697
-628
-722
574
1073
-67
-922
-48
1079
555
-735
-611
718
1005
-235
-906
128
1117
389
-825
-470
854
904
-404
-855
315
1124
201
-890
-299
972
767
-566
-766
507
1093
-4
-921
-101
1064
594
-712
-635
694
1016
-217
-908
119
1117
388
-828
-461
864
891
-426
-844
350
1121
155
-902
-247
1003
716
-618
-724
580
1068
-93
-921
-2
1095
495
-777
-546
792
951
-342
-875
263
1126
236
-883
-316
967
769
-572
-758
529
1084
-45
-922
-44
1084
527
-760
-568
773
962
-326
-880
253
1126
240
-883
-313
971
760
-582
-748
548
1077
-73
-922
-9
1095
488
-784
-530
813
930
-380
-859
319
1123
166
-902
-237
1013
690
-648
-691
635
1041
-176
-912
104
1117
374
-839
-425
901
844
-497
-802
458
1101
14
-921
-84
1075
547
-753
-571
778
954
-348
-870
294
1124
179
-900
-240
1014
683
-658
-679
657
1028
-211
-906
153
1123
317
-863
-363
946
786
-566
-754
549
1073
-95
-920
37
1107
424
-821
-456
882
859
-486
-804
460
1099
-4
-922
-51
1087
503
-782
-522
830
908
-424
-836
394
1112
62
-918
-112
1069
555
-753
-563
793
937
-383
-853
353
1118
100
-915
-145
1058
582
-738
-582
775
949
-366
-859
338
1120
111
-913
-152
1056
584
-737
-581
778
946
-373
-855
349
1118
95
-916
-132
1064
563
-752
-560
801
927
-403
-842
387
1112
52
-920
-86
1080
516
-780
-516
842
890
-456
-815
450
1098
-18
-922
-12
1100
443
-819
-448
898
832
-529
-771
536
1072
-114
-917
90
1118
341
-861
-352
964
748
-616
-703
642
1026
-234
-896
218
1126
210
-898
-225
1031
632
-711
-605
762
952
-374
-851
371
1113
50
-920
-66
1088
481
-803
-471
885
841
-524
-770
543
1067
-135
-914
125
1122
293
-878
-295
999
686
-674
-644
722
976
-337
-864
342
1117
71
-919
-77
1086
483
-805
-464
893
829
-542
-756
572
1055
-175
-907
176
1125
233
-895
-229
1033
619
-726
-580
795
921
-429
-822
451
1094
-52
-921
55
1115
347
-864
-331
983
706
-662
-650
721
974
-349
-857
369
1112
28
-922
-20
1102
414
-840
-388
951
752
-624
-685
680
998
-309
-870
331
1117
62
-921
-48
1097
435
-831
-403
942
761
-618
-689
677
998
-310
-869
338
1116
49
-921
-29
1102
413
-842
-378
960
735
-644
-663
712
975
-354
-852
390
1106
-10
-922
35
1114
345
-868
-310
1000
669
-699
-603
781
923
-437
-812
485
1081
-114
-914
146
1125
230
-900
-195
1054
558
-773
-501
877
833
-552
-738
616
1027
-260
-882
303
1119
68
-921
-30
1103
397
-852
-347
983
693
-684
-615
773
926
-438
-808
498
1075
-140
-909
184
1126
180
-910
-135
1077
490
-813
-428
934
760
-629
-669
715
967
-379
-836
440
1091
-86
-916
136
1125
222
-903
-168
1067
516
-801
-446
924
772
-621
-674
711
967
-381
-834
448
1088
-101
-914
158
1126
193
-909
-134
1079
477
-822
-404
954
728
-662
-632
763
928
-444
-800
522
1063
-185
-898
251
1123
93
-920
-28
1106
369
-866
-296
1016
623
-743
-532
862
838
-560
-722
655
999
-333
-852
411
1096
-77
-916
149
1126
187
-911
-114
1087
444
-840
-360
985
676
-708
-574
827
869
-527
-744
625
1013
-309
-860
394
1100
-67
-916
147
1126
181
-912
-100
1092
423
-849
-333
1001
644
-733
-539
861
832
-572
-707
681
979
-375
-830
472
1077
-156
-902
245
1122
75
-922
13
1115
305
-889
-212
1058
522
-807
-418
954
716
-683
-598
810
879
-522
-742
635
1003
-335
-846
438
1086
-130
-906
228
1123
83
-922
14
1116
294
-893
-193
1066
495
-823
-385
977
677
-716
-555
854
834
-577
-697
702
960
-415
-806
530
1052
-234
-880
344
1107
-44
-917
151
1126
149
-918
-41
1108
338
-882
-225
1056
517
-814
-396
973
679
-717
-549
863
820
-595
-678
730
937
-453
-782
580
1027
-296
-858
418
1089
-130
-904
249
1121
41
-922
78
1124
210
-911
-89
1099
374
-873
-249
1049
529
-811
-398
975
670
-727
-531
881
796
-624
-648
770
903
-506
-745
646
989
-375
-821
511
1055
-237
-876
369
1099
-94
-910
225
1122
51
-922
81
1124
195
-914
-61
1107
334
-887
-197
1071
466
-843
-325
1018
589
-782
-443
951
702
-708
-550
870
803
-622
-644
780
890
-527
-725
680
964
-424
-792
574
1024
-316
-845
464
1070
-204
-884
351
1102
-90
-909
237
1120
23
-921
124
1126
135
-920
14
1119
244
-908
-93
1102
349
-885
-196
1074
449
-853
-292
1037
542
-811
-383
992
630
-763
-467
940
710
-708
-543
882
783
-647
-613
819
848
-583
-674
753
906
-515
-729
683
957
-444
-775
612
1000
-372
-815
540
1036
-300
-848
467
1065
-227
-874
395
1088
-155
-894
323
1106
-84
-908
253
1117
-14
-917
184
1124
53
-922
118
1126
118
-922
54
1124
180
-918
-6
1118
240
-911
-64
1110
296
-901
-119
1099
350
-888
-171
1085
400
-874
-220
1070
447
-858
-265
1054
491
-841
-308
1036
531
-823
-347
1018
569
-805
-383
999
604
-786
-416
981
635
-768
-446
962
664
-750
-474
944
690
-732
-498
927
714
-715
-521
911
735
-699
-540
896
753
-685
-558
882
769
-672
-573
869
783
-660
-586
858
795
-649
-597
848
805
-640
-606
840
813
-633
-613
834
819
-628
-618
830
823
-624
-621
827
825
-622
-622
826
